

[!] Propagation velocity! Id = 50
t1 = 3.3500000000
dvdt[40] = 1.4394788320

t2 = 3.7300000000
dvdt[50] = 1.4440150350
delta_x = 0.1000000000
delta_t = 0.3800000000

!!!!!!!! Propagation velocity = 263.157895 cm/s !!!!!!!!!!

=============================================================



[!] Propagation velocity! Id = 100
t1 = 5.2500000000
dvdt[90] = 1.4501633487

t2 = 5.6300000000
dvdt[100] = 1.4509867264
delta_x = 0.1000000000
delta_t = 0.3800000000

!!!!!!!! Propagation velocity = 263.157895 cm/s !!!!!!!!!!

=============================================================



[!] Propagation velocity! Id = 150
t1 = 7.1700000000
dvdt[140] = 1.4549309184

t2 = 7.5600000000
dvdt[150] = 1.4557370222
delta_x = 0.1000000000
delta_t = 0.3900000000

!!!!!!!! Propagation velocity = 256.410256 cm/s !!!!!!!!!!

=============================================================



[!] Propagation velocity! Id = 200
t1 = 9.1500000000
dvdt[190] = 1.0012760981

t2 = 21.1300000000
dvdt[200] = 0.9760417240
delta_x = 0.1000000000
delta_t = 11.9800000000

!!!!!!!! Propagation velocity = 8.347245 cm/s !!!!!!!!!!

=============================================================

