

[!] Propagation velocity! Id = 59
t1 = 3.7900000000
dvdt[49] = 3.5164077592

t2 = 4.4000000000
dvdt[59] = 3.5073852833
delta_x = 0.1640000000
delta_t = 0.6100000000

!!!!!!!! Propagation velocity = 268.852459 cm/s !!!!!!!!!!

=============================================================



[!] Propagation velocity! Id = 119
t1 = 7.4700000000
dvdt[109] = 3.5169440085

t2 = 8.0800000000
dvdt[119] = 3.5115144786
delta_x = 0.1640000000
delta_t = 0.6100000000

!!!!!!!! Propagation velocity = 268.852459 cm/s !!!!!!!!!!

=============================================================



[!] Propagation velocity! Id = 178
t1 = 11.0900000000
dvdt[168] = 3.5157982229

t2 = 11.7000000000
dvdt[178] = 3.5097311680
delta_x = 0.1640000000
delta_t = 0.6100000000

!!!!!!!! Propagation velocity = 268.852459 cm/s !!!!!!!!!!

=============================================================



[!] Propagation velocity! Id = 242
t1 = 15.0200000000
dvdt[232] = 3.4999414920

t2 = 19.6700000000
dvdt[242] = 4.1971036037
delta_x = 0.1640000000
delta_t = 4.6500000000

!!!!!!!! Propagation velocity = 35.268817 cm/s !!!!!!!!!!

=============================================================

