

[!] Propagation velocity! Id = 59
t1 = 3.6800000000
dvdt[54] = 3.4986121301

t2 = 3.9300000000
dvdt[59] = 3.5001543880
delta_x = 0.0820000000
delta_t = 0.2500000000

!!!!!!!! Propagation velocity = 328.000000 cm/s !!!!!!!!!!

=============================================================



[!] Propagation velocity! Id = 119
t1 = 6.6600000000
dvdt[114] = 3.4926351500

t2 = 6.9000000000
dvdt[119] = 3.4910117406
delta_x = 0.0820000000
delta_t = 0.2400000000

!!!!!!!! Propagation velocity = 341.666667 cm/s !!!!!!!!!!

=============================================================



[!] Propagation velocity! Id = 178
t1 = 9.5800000000
dvdt[173] = 3.4898409411

t2 = 9.8300000000
dvdt[178] = 3.4916755362
delta_x = 0.0820000000
delta_t = 0.2500000000

!!!!!!!! Propagation velocity = 328.000000 cm/s !!!!!!!!!!

=============================================================



[!] Propagation velocity! Id = 242
t1 = 12.7800000000
dvdt[237] = 3.0675749337

t2 = 13.5400000000
dvdt[242] = 4.9120261681
delta_x = 0.0820000000
delta_t = 0.7600000000

!!!!!!!! Propagation velocity = 107.894737 cm/s !!!!!!!!!!

=============================================================

