

[!] Propagation velocity! Id = 59
t1 = 4.2200000000
dvdt[54] = 3.5290399082

t2 = 4.5400000000
dvdt[59] = 3.5253306551
delta_x = 0.0820000000
delta_t = 0.3200000000

!!!!!!!! Propagation velocity = 256.250000 cm/s !!!!!!!!!!

=============================================================



[!] Propagation velocity! Id = 119
t1 = 8.0800000000
dvdt[114] = 3.5349446385

t2 = 8.4000000000
dvdt[119] = 3.5363994586
delta_x = 0.0820000000
delta_t = 0.3200000000

!!!!!!!! Propagation velocity = 256.250000 cm/s !!!!!!!!!!

=============================================================



[!] Propagation velocity! Id = 178
t1 = 11.8400000000
dvdt[173] = 3.5549252600

t2 = 12.1600000000
dvdt[178] = 3.5514247140
delta_x = 0.0820000000
delta_t = 0.3200000000

!!!!!!!! Propagation velocity = 256.250000 cm/s !!!!!!!!!!

=============================================================



[!] Propagation velocity! Id = 242
t1 = 15.8600000000
dvdt[237] = 3.3240487178

t2 = 16.2400000000
dvdt[242] = 0.0658149939
delta_x = 0.0820000000
delta_t = 0.3800000000

!!!!!!!! Propagation velocity = 215.789474 cm/s !!!!!!!!!!

=============================================================

