

[!] Propagation velocity! Id = 59
t1 = 3.7900000000
dvdt[54] = 3.5006975192

t2 = 4.0600000000
dvdt[59] = 3.5080605370
delta_x = 0.0820000000
delta_t = 0.2700000000

!!!!!!!! Propagation velocity = 303.703704 cm/s !!!!!!!!!!

=============================================================



[!] Propagation velocity! Id = 119
t1 = 6.9900000000
dvdt[114] = 3.5068063627

t2 = 7.2600000000
dvdt[119] = 3.5025352323
delta_x = 0.0820000000
delta_t = 0.2700000000

!!!!!!!! Propagation velocity = 303.703704 cm/s !!!!!!!!!!

=============================================================



[!] Propagation velocity! Id = 178
t1 = 10.1300000000
dvdt[173] = 3.5017423335

t2 = 10.4000000000
dvdt[178] = 3.5065842351
delta_x = 0.0820000000
delta_t = 0.2700000000

!!!!!!!! Propagation velocity = 303.703704 cm/s !!!!!!!!!!

=============================================================



[!] Propagation velocity! Id = 242
t1 = 13.5600000000
dvdt[237] = 3.0295319924

t2 = 41.6400000000
dvdt[242] = 1.9454931690
delta_x = 0.0820000000
delta_t = 28.0800000000

!!!!!!!! Propagation velocity = 2.920228 cm/s !!!!!!!!!!

=============================================================

