

[!] Propagation velocity! Id = 30
t1 = 2.5900000000
dvdt[25] = 1.4182592994

t2 = 2.9100000000
dvdt[30] = 1.4203615667
delta_x = 0.0820000000
delta_t = 0.3200000000

!!!!!!!! Propagation velocity = 256.250000 cm/s !!!!!!!!!!

=============================================================



[!] Propagation velocity! Id = 60
t1 = 4.6400000000
dvdt[55] = 1.4217557495

t2 = 5.0200000000
dvdt[60] = 1.4224712684
delta_x = 0.0819999280
delta_t = 0.3800000000

!!!!!!!! Propagation velocity = 215.789284 cm/s !!!!!!!!!!

=============================================================



[!] Propagation velocity! Id = 180
t1 = 4.6400000000
dvdt[175] = 1.4217557495

t2 = 5.0200000000
dvdt[180] = 1.4224712684
delta_x = 0.0819999280
delta_t = 0.3800000000

!!!!!!!! Propagation velocity = 215.789284 cm/s !!!!!!!!!!

=============================================================



[!] Propagation velocity! Id = 100
t1 = 7.7100000000
dvdt[95] = 1.4356184809

t2 = 8.1300000000
dvdt[100] = 1.4378385583
delta_x = 0.0820000000
delta_t = 0.4200000000

!!!!!!!! Propagation velocity = 195.238095 cm/s !!!!!!!!!!

=============================================================



[!] Propagation velocity! Id = 140
t1 = 7.7100000000
dvdt[135] = 1.4356184809

t2 = 8.1300000000
dvdt[140] = 1.4378385583
delta_x = 0.0819999280
delta_t = 0.4200000000

!!!!!!!! Propagation velocity = 195.237924 cm/s !!!!!!!!!!

=============================================================



[!] Propagation velocity! Id = 220
t1 = 7.7100000000
dvdt[215] = 1.4356184809

t2 = 8.1300000000
dvdt[220] = 1.4378385583
delta_x = 0.0819999280
delta_t = 0.4200000000

!!!!!!!! Propagation velocity = 195.237924 cm/s !!!!!!!!!!

=============================================================



[!] Propagation velocity! Id = 260
t1 = 7.7100000000
dvdt[255] = 1.4356184809

t2 = 8.1300000000
dvdt[260] = 1.4378385583
delta_x = 0.0820000000
delta_t = 0.4200000000

!!!!!!!! Propagation velocity = 195.238095 cm/s !!!!!!!!!!

=============================================================



[!] Propagation velocity! Id = 120
t1 = 9.4400000000
dvdt[115] = 1.0430112432

t2 = 10.2300000000
dvdt[120] = 0.0176911089
delta_x = 0.0820000000
delta_t = 0.7900000000

!!!!!!!! Propagation velocity = 103.797468 cm/s !!!!!!!!!!

=============================================================



[!] Propagation velocity! Id = 160
t1 = 9.4400000000
dvdt[155] = 1.0430112432

t2 = 10.2300000000
dvdt[160] = 0.0176911089
delta_x = 0.0819999280
delta_t = 0.7900000000

!!!!!!!! Propagation velocity = 103.797377 cm/s !!!!!!!!!!

=============================================================



[!] Propagation velocity! Id = 240
t1 = 9.4400000000
dvdt[235] = 1.0430112432

t2 = 10.2300000000
dvdt[240] = 0.0176911089
delta_x = 0.0819999280
delta_t = 0.7900000000

!!!!!!!! Propagation velocity = 103.797377 cm/s !!!!!!!!!!

=============================================================



[!] Propagation velocity! Id = 280
t1 = 9.4400000000
dvdt[275] = 1.0430112432

t2 = 10.2300000000
dvdt[280] = 0.0176911089
delta_x = 0.0820000000
delta_t = 0.7900000000

!!!!!!!! Propagation velocity = 103.797468 cm/s !!!!!!!!!!

=============================================================

