

[!] Propagation velocity! Id = 29
t1 = 2.1800000000
dvdt[19] = 1.4155522626

t2 = 2.7900000000
dvdt[29] = 1.4181275994
delta_x = 0.1640000000
delta_t = 0.6100000000

!!!!!!!! Propagation velocity = 268.852459 cm/s !!!!!!!!!!

=============================================================



[!] Propagation velocity! Id = 60
t1 = 4.1000000000
dvdt[50] = 1.3771634168

t2 = 5.1000000000
dvdt[60] = 1.0234427306
delta_x = 0.1640000000
delta_t = 1.0000000000

!!!!!!!! Propagation velocity = 164.000000 cm/s !!!!!!!!!!

=============================================================



[!] Propagation velocity! Id = 88
t1 = 6.1300000000
dvdt[78] = 1.4293636516

t2 = 6.7500000000
dvdt[88] = 1.4344119267
delta_x = 0.1639998561
delta_t = 0.6200000000

!!!!!!!! Propagation velocity = 264.515897 cm/s !!!!!!!!!!

=============================================================



[!] Propagation velocity! Id = 147
t1 = 6.0700000000
dvdt[137] = 1.4285718417

t2 = 6.6900000000
dvdt[147] = 1.4339164160
delta_x = 0.1639998561
delta_t = 0.6200000000

!!!!!!!! Propagation velocity = 264.515897 cm/s !!!!!!!!!!

=============================================================



[!] Propagation velocity! Id = 120
t1 = 8.1500000000
dvdt[110] = 1.2986640195

t2 = 8.9000000000
dvdt[120] = 0.0229536788
delta_x = 0.1639998561
delta_t = 0.7500000000

!!!!!!!! Propagation velocity = 218.666475 cm/s !!!!!!!!!!

=============================================================



[!] Propagation velocity! Id = 180
t1 = 8.1500000000
dvdt[170] = 1.2986640195

t2 = 8.9000000000
dvdt[180] = 0.0229536788
delta_x = 0.1639998561
delta_t = 0.7500000000

!!!!!!!! Propagation velocity = 218.666475 cm/s !!!!!!!!!!

=============================================================

