

[!] Propagation velocity! Id = 59
t1 = 3.7100000000
dvdt[54] = 3.5038459498

t2 = 3.9600000000
dvdt[59] = 3.4970334120
delta_x = 0.0820000000
delta_t = 0.2500000000

!!!!!!!! Propagation velocity = 328.000000 cm/s !!!!!!!!!!

=============================================================



[!] Propagation velocity! Id = 119
t1 = 6.7500000000
dvdt[114] = 3.5007478152

t2 = 7.0000000000
dvdt[119] = 3.4928834510
delta_x = 0.0820000000
delta_t = 0.2500000000

!!!!!!!! Propagation velocity = 328.000000 cm/s !!!!!!!!!!

=============================================================



[!] Propagation velocity! Id = 178
t1 = 9.7400000000
dvdt[173] = 3.4948579220

t2 = 10.0000000000
dvdt[178] = 3.4981123288
delta_x = 0.0820000000
delta_t = 0.2600000000

!!!!!!!! Propagation velocity = 315.384615 cm/s !!!!!!!!!!

=============================================================



[!] Propagation velocity! Id = 242
t1 = 13.0100000000
dvdt[237] = 2.9629626025

t2 = 23.7100000000
dvdt[242] = 3.3555172866
delta_x = 0.0820000000
delta_t = 10.7000000000

!!!!!!!! Propagation velocity = 7.663551 cm/s !!!!!!!!!!

=============================================================

