

[!] Propagation velocity! Id = 25
t1 = 1.5500000000
dvdt[15] = 2.0657588910

t2 = 1.9300000000
dvdt[25] = 2.1266940530
delta_x = 0.1000000000
delta_t = 0.3800000000

!!!!!!!! Propagation velocity = 263.157895 cm/s !!!!!!!!!!

=============================================================



[!] Propagation velocity! Id = 50
t1 = 2.5100000000
dvdt[40] = 2.2802826175

t2 = 2.8900000000
dvdt[50] = 2.3770686825
delta_x = 0.1000000000
delta_t = 0.3800000000

!!!!!!!! Propagation velocity = 263.157895 cm/s !!!!!!!!!!

=============================================================



[!] Propagation velocity! Id = 75
t1 = 3.4600000000
dvdt[65] = 2.5017179012

t2 = 3.8300000000
dvdt[75] = 2.5768927933
delta_x = 0.1000000000
delta_t = 0.3700000000

!!!!!!!! Propagation velocity = 270.270270 cm/s !!!!!!!!!!

=============================================================



[!] Propagation velocity! Id = 100
t1 = 4.3800000000
dvdt[90] = 2.5479620344

t2 = 4.8500000000
dvdt[100] = 0.0441455864
delta_x = 0.1000000000
delta_t = 0.4700000000

!!!!!!!! Propagation velocity = 212.765957 cm/s !!!!!!!!!!

=============================================================

