

[!] Propagation velocity! Id = 59
t1 = 4.6300000000
dvdt[54] = 3.5420289578

t2 = 5.0000000000
dvdt[59] = 3.5420572140
delta_x = 0.0820000000
delta_t = 0.3700000000

!!!!!!!! Propagation velocity = 221.621622 cm/s !!!!!!!!!!

=============================================================



[!] Propagation velocity! Id = 119
t1 = 9.0600000000
dvdt[114] = 3.5424791681

t2 = 9.4300000000
dvdt[119] = 3.5407374921
delta_x = 0.0820000000
delta_t = 0.3700000000

!!!!!!!! Propagation velocity = 221.621622 cm/s !!!!!!!!!!

=============================================================



[!] Propagation velocity! Id = 178
t1 = 13.4100000000
dvdt[173] = 3.5394914747

t2 = 13.7700000000
dvdt[178] = 3.5379616329
delta_x = 0.0820000000
delta_t = 0.3600000000

!!!!!!!! Propagation velocity = 227.777778 cm/s !!!!!!!!!!

=============================================================



[!] Propagation velocity! Id = 242
t1 = 18.1200000000
dvdt[237] = 3.3736744482

t2 = 18.5600000000
dvdt[242] = 0.1018564811
delta_x = 0.0820000000
delta_t = 0.4400000000

!!!!!!!! Propagation velocity = 186.363636 cm/s !!!!!!!!!!

=============================================================

