

[!] Propagation velocity! Id = 59
t1 = 4.8600000000
dvdt[54] = 3.5427995410

t2 = 5.2500000000
dvdt[59] = 3.5404205876
delta_x = 0.0820000000
delta_t = 0.3900000000

!!!!!!!! Propagation velocity = 210.256410 cm/s !!!!!!!!!!

=============================================================



[!] Propagation velocity! Id = 119
t1 = 9.5600000000
dvdt[114] = 3.5438582288

t2 = 9.9500000000
dvdt[119] = 3.5399096432
delta_x = 0.0820000000
delta_t = 0.3900000000

!!!!!!!! Propagation velocity = 210.256410 cm/s !!!!!!!!!!

=============================================================



[!] Propagation velocity! Id = 178
t1 = 14.1800000000
dvdt[173] = 3.5546224119

t2 = 14.5700000000
dvdt[178] = 3.5560211013
delta_x = 0.0820000000
delta_t = 0.3900000000

!!!!!!!! Propagation velocity = 210.256410 cm/s !!!!!!!!!!

=============================================================



[!] Propagation velocity! Id = 242
t1 = 19.1600000000
dvdt[237] = 3.4325461297

t2 = 19.5600000000
dvdt[242] = 0.0215376671
delta_x = 0.0820000000
delta_t = 0.4000000000

!!!!!!!! Propagation velocity = 205.000000 cm/s !!!!!!!!!!

=============================================================

