

[!] Propagation velocity! Id = 50
t1 = 2.9100000000
dvdt[40] = 3.5047360546

t2 = 3.2700000000
dvdt[50] = 3.4986698367
delta_x = 0.1000000000
delta_t = 0.3600000000

!!!!!!!! Propagation velocity = 277.777778 cm/s !!!!!!!!!!

=============================================================



[!] Propagation velocity! Id = 100
t1 = 4.7500000000
dvdt[90] = 3.4862905871

t2 = 5.1200000000
dvdt[100] = 3.4823471114
delta_x = 0.1000000000
delta_t = 0.3700000000

!!!!!!!! Propagation velocity = 270.270270 cm/s !!!!!!!!!!

=============================================================



[!] Propagation velocity! Id = 150
t1 = 6.6100000000
dvdt[140] = 3.4878740647

t2 = 6.9800000000
dvdt[150] = 3.4870077484
delta_x = 0.1000000000
delta_t = 0.3700000000

!!!!!!!! Propagation velocity = 270.270270 cm/s !!!!!!!!!!

=============================================================



[!] Propagation velocity! Id = 200
t1 = 8.4700000000
dvdt[190] = 3.3266956358

t2 = 32.5700000000
dvdt[200] = 2.2111069337
delta_x = 0.1000000000
delta_t = 24.1000000000

!!!!!!!! Propagation velocity = 4.149378 cm/s !!!!!!!!!!

=============================================================

