

[!] Propagation velocity! Id = 73
t1 = 7.9100000000
dvdt[63] = 0.9686702363

t2 = 8.0700000000
dvdt[73] = 1.0805265579
delta_x = 0.0680000000
delta_t = 0.1600000000

!!!!!!!! Propagation velocity = 425.000000 cm/s !!!!!!!!!!

=============================================================



[!] Propagation velocity! Id = 147
t1 = 9.4900000000
dvdt[137] = 1.3683347971

t2 = 9.7400000000
dvdt[147] = 1.3809891812
delta_x = 0.0680000000
delta_t = 0.2500000000

!!!!!!!! Propagation velocity = 272.000000 cm/s !!!!!!!!!!

=============================================================



[!] Propagation velocity! Id = 220
t1 = 11.3300000000
dvdt[210] = 1.4202123692

t2 = 11.5900000000
dvdt[220] = 1.4236819807
delta_x = 0.0680000000
delta_t = 0.2600000000

!!!!!!!! Propagation velocity = 261.538462 cm/s !!!!!!!!!!

=============================================================



[!] Propagation velocity! Id = 294
t1 = 13.2300000000
dvdt[284] = 0.6720970518

t2 = 13.8200000000
dvdt[294] = 0.0165287438
delta_x = 0.0680000000
delta_t = 0.5900000000

!!!!!!!! Propagation velocity = 115.254237 cm/s !!!!!!!!!!

=============================================================

