

[!] Propagation velocity! Id = 12
t1 = 1.1800000000
dvdt[2] = 3.8664113675

t2 = 1.5900000000
dvdt[12] = 3.6343566959
delta_x = 0.2000000000
delta_t = 0.4100000000

!!!!!!!! Propagation velocity = 487.804878 cm/s !!!!!!!!!!

=============================================================



[!] Propagation velocity! Id = 25
t1 = 1.7500000000
dvdt[15] = 3.5726228045

t2 = 2.4200000000
dvdt[25] = 1.8997559430
delta_x = 0.2000000000
delta_t = 0.6700000000

!!!!!!!! Propagation velocity = 298.507463 cm/s !!!!!!!!!!

=============================================================



[!] Propagation velocity! Id = 37
t1 = 2.5400000000
dvdt[27] = 3.0019365993

t2 = 3.0600000000
dvdt[37] = 3.4984355618
delta_x = 0.1999999301
delta_t = 0.5200000000

!!!!!!!! Propagation velocity = 384.615250 cm/s !!!!!!!!!!

=============================================================



[!] Propagation velocity! Id = 50
t1 = 3.2200000000
dvdt[40] = 3.4488720997

t2 = 2.5000000000
dvdt[50] = 2.5519863490
delta_x = 0.3200007542
delta_t = -0.7200000000

!!!!!!!! Propagation velocity = 0.000000 cm/s !!!!!!!!!!

=============================================================



[!] Propagation velocity! Id = 62
t1 = 2.5900000000
dvdt[52] = 3.2545392350

t2 = 3.1100000000
dvdt[62] = 3.4915846770
delta_x = 0.1999999301
delta_t = 0.5200000000

!!!!!!!! Propagation velocity = 384.615250 cm/s !!!!!!!!!!

=============================================================



[!] Propagation velocity! Id = 75
t1 = 3.2700000000
dvdt[65] = 3.4157345927

t2 = 8.9700000000
dvdt[75] = 4.0103701633
delta_x = 2.1599999441
delta_t = 5.7000000000

!!!!!!!! Propagation velocity = 378.947359 cm/s !!!!!!!!!!

=============================================================

