

[!] Propagation velocity! Id = 50
t1 = 4.0100000000
dvdt[45] = 1.4534854799

t2 = 4.3500000000
dvdt[50] = 1.4553392100
delta_x = 0.0820000000
delta_t = 0.3400000000

!!!!!!!! Propagation velocity = 241.176471 cm/s !!!!!!!!!!

=============================================================



[!] Propagation velocity! Id = 90
t1 = 6.8700000000
dvdt[85] = 1.4582732564

t2 = 7.2500000000
dvdt[90] = 1.4591675371
delta_x = 0.0819999280
delta_t = 0.3800000000

!!!!!!!! Propagation velocity = 215.789284 cm/s !!!!!!!!!!

=============================================================



[!] Propagation velocity! Id = 150
t1 = 6.8700000000
dvdt[145] = 1.4582732564

t2 = 7.2500000000
dvdt[150] = 1.4591675371
delta_x = 0.0819999280
delta_t = 0.3800000000

!!!!!!!! Propagation velocity = 215.789284 cm/s !!!!!!!!!!

=============================================================



[!] Propagation velocity! Id = 120
t1 = 9.2000000000
dvdt[115] = 0.9639686762

t2 = 9.9600000000
dvdt[120] = 0.0308519329
delta_x = 0.0819999280
delta_t = 0.7600000000

!!!!!!!! Propagation velocity = 107.894642 cm/s !!!!!!!!!!

=============================================================



[!] Propagation velocity! Id = 180
t1 = 9.2000000000
dvdt[175] = 0.9639686762

t2 = 9.9600000000
dvdt[180] = 0.0308519329
delta_x = 0.0819999280
delta_t = 0.7600000000

!!!!!!!! Propagation velocity = 107.894642 cm/s !!!!!!!!!!

=============================================================

