

[!] Propagation velocity! Id = 59
t1 = 5.2200000000
dvdt[54] = 1.4494359763

t2 = 5.6300000000
dvdt[59] = 1.4493662026
delta_x = 0.0820000000
delta_t = 0.4100000000

!!!!!!!! Propagation velocity = 200.000000 cm/s !!!!!!!!!!

=============================================================



[!] Propagation velocity! Id = 119
t1 = 10.1500000000
dvdt[114] = 1.4496920751

t2 = 10.5600000000
dvdt[119] = 1.4498162873
delta_x = 0.0820000000
delta_t = 0.4100000000

!!!!!!!! Propagation velocity = 200.000000 cm/s !!!!!!!!!!

=============================================================



[!] Propagation velocity! Id = 178
t1 = 15.0000000000
dvdt[173] = 1.4522975461

t2 = 15.4100000000
dvdt[178] = 1.4529431484
delta_x = 0.0820000000
delta_t = 0.4100000000

!!!!!!!! Propagation velocity = 200.000000 cm/s !!!!!!!!!!

=============================================================



[!] Propagation velocity! Id = 242
t1 = 20.3600000000
dvdt[237] = 1.0412869593

t2 = 47.2700000000
dvdt[242] = 0.4143956802
delta_x = 0.0820000000
delta_t = 26.9100000000

!!!!!!!! Propagation velocity = 3.047194 cm/s !!!!!!!!!!

=============================================================

