

[!] Propagation velocity! Id = 59
t1 = 5.4500000000
dvdt[54] = 1.4438190440

t2 = 5.8900000000
dvdt[59] = 1.4434690383
delta_x = 0.0820000000
delta_t = 0.4400000000

!!!!!!!! Propagation velocity = 186.363636 cm/s !!!!!!!!!!

=============================================================



[!] Propagation velocity! Id = 119
t1 = 10.6800000000
dvdt[114] = 1.4378323677

t2 = 11.1200000000
dvdt[119] = 1.4374278704
delta_x = 0.0820000000
delta_t = 0.4400000000

!!!!!!!! Propagation velocity = 186.363636 cm/s !!!!!!!!!!

=============================================================



[!] Propagation velocity! Id = 178
t1 = 15.8100000000
dvdt[173] = 1.4308785525

t2 = 16.2500000000
dvdt[178] = 1.4308254191
delta_x = 0.0820000000
delta_t = 0.4400000000

!!!!!!!! Propagation velocity = 186.363636 cm/s !!!!!!!!!!

=============================================================



[!] Propagation velocity! Id = 242
t1 = 21.4600000000
dvdt[237] = 1.0797778882

t2 = 22.2900000000
dvdt[242] = 0.0186657793
delta_x = 0.0820000000
delta_t = 0.8300000000

!!!!!!!! Propagation velocity = 98.795181 cm/s !!!!!!!!!!

=============================================================

