

[!] Propagation velocity! Id = 50
t1 = 4.0000000000
dvdt[45] = 1.4473284635

t2 = 4.3400000000
dvdt[50] = 1.4322835007
delta_x = 0.0820000000
delta_t = 0.3400000000

!!!!!!!! Propagation velocity = 241.176471 cm/s !!!!!!!!!!

=============================================================



[!] Propagation velocity! Id = 90
t1 = 6.9000000000
dvdt[85] = 1.4561601641

t2 = 7.2600000000
dvdt[90] = 1.4567847728
delta_x = 0.0819999280
delta_t = 0.3600000000

!!!!!!!! Propagation velocity = 227.777578 cm/s !!!!!!!!!!

=============================================================



[!] Propagation velocity! Id = 150
t1 = 6.9000000000
dvdt[145] = 1.4561601641

t2 = 7.2600000000
dvdt[150] = 1.4567847728
delta_x = 0.0819999280
delta_t = 0.3600000000

!!!!!!!! Propagation velocity = 227.777578 cm/s !!!!!!!!!!

=============================================================



[!] Propagation velocity! Id = 120
t1 = 9.0900000000
dvdt[115] = 0.9373239422

t2 = 14.5000000000
dvdt[120] = 1.4467088292
delta_x = 0.0819999280
delta_t = 5.4100000000

!!!!!!!! Propagation velocity = 15.157103 cm/s !!!!!!!!!!

=============================================================



[!] Propagation velocity! Id = 180
t1 = 9.0900000000
dvdt[175] = 0.9373239422

t2 = 14.5000000000
dvdt[180] = 1.4467088292
delta_x = 0.0819999280
delta_t = 5.4100000000

!!!!!!!! Propagation velocity = 15.157103 cm/s !!!!!!!!!!

=============================================================

