

[!] Propagation velocity! Id = 29
t1 = 2.2500000000
dvdt[19] = 1.4463971597

t2 = 2.8700000000
dvdt[29] = 1.4486174831
delta_x = 0.1640000000
delta_t = 0.6200000000

!!!!!!!! Propagation velocity = 264.516129 cm/s !!!!!!!!!!

=============================================================



[!] Propagation velocity! Id = 59
t1 = 4.1200000000
dvdt[49] = 1.4498457985

t2 = 4.7500000000
dvdt[59] = 1.4506956603
delta_x = 0.1640000000
delta_t = 0.6300000000

!!!!!!!! Propagation velocity = 260.317460 cm/s !!!!!!!!!!

=============================================================



[!] Propagation velocity! Id = 88
t1 = 5.9500000000
dvdt[78] = 1.4523554692

t2 = 6.5800000000
dvdt[88] = 1.4535888350
delta_x = 0.1640000000
delta_t = 0.6300000000

!!!!!!!! Propagation velocity = 260.317460 cm/s !!!!!!!!!!

=============================================================



[!] Propagation velocity! Id = 118
t1 = 7.8500000000
dvdt[108] = 1.3948038706

t2 = 9.9200000000
dvdt[118] = 0.9909710390
delta_x = 0.1640000000
delta_t = 2.0700000000

!!!!!!!! Propagation velocity = 79.227053 cm/s !!!!!!!!!!

=============================================================

