

[!] Propagation velocity! Id = 59
t1 = 3.8100000000
dvdt[54] = 3.5046232638

t2 = 4.0700000000
dvdt[59] = 3.4969389370
delta_x = 0.0820000000
delta_t = 0.2600000000

!!!!!!!! Propagation velocity = 315.384615 cm/s !!!!!!!!!!

=============================================================



[!] Propagation velocity! Id = 119
t1 = 7.0200000000
dvdt[114] = 3.4950966906

t2 = 7.2800000000
dvdt[119] = 3.4989571555
delta_x = 0.0820000000
delta_t = 0.2600000000

!!!!!!!! Propagation velocity = 315.384615 cm/s !!!!!!!!!!

=============================================================



[!] Propagation velocity! Id = 232
t1 = 13.0700000000
dvdt[227] = 3.4990255790

t2 = 13.3300000000
dvdt[232] = 3.5181574965
delta_x = 0.0820000000
delta_t = 0.2600000000

!!!!!!!! Propagation velocity = 315.384615 cm/s !!!!!!!!!!

=============================================================



[!] Propagation velocity! Id = 242
t1 = 13.5900000000
dvdt[237] = 3.8514894590

t2 = 13.7400000000
dvdt[242] = 6.5246634650
delta_x = 0.0820000000
delta_t = 0.1500000000

!!!!!!!! Propagation velocity = 546.666667 cm/s !!!!!!!!!!

=============================================================

