

[!] Propagation velocity! Id = 14
t1 = 1.4500000000
dvdt[4] = 1.5920109451

t2 = 1.9700000000
dvdt[14] = 1.4647264020
delta_x = 0.1640000000
delta_t = 0.5200000000

!!!!!!!! Propagation velocity = 315.384615 cm/s !!!!!!!!!!

=============================================================



[!] Propagation velocity! Id = 29
t1 = 2.2800000000
dvdt[19] = 1.4559198013

t2 = 2.9100000000
dvdt[29] = 1.4587149099
delta_x = 0.1640000000
delta_t = 0.6300000000

!!!!!!!! Propagation velocity = 260.317460 cm/s !!!!!!!!!!

=============================================================



[!] Propagation velocity! Id = 43
t1 = 3.1700000000
dvdt[33] = 1.4585706924

t2 = 3.8000000000
dvdt[43] = 1.4437279643
delta_x = 0.1640000000
delta_t = 0.6300000000

!!!!!!!! Propagation velocity = 260.317460 cm/s !!!!!!!!!!

=============================================================



[!] Propagation velocity! Id = 58
t1 = 4.1300000000
dvdt[48] = 1.3837570110

t2 = 10.5000000000
dvdt[58] = 1.1243310453
delta_x = 0.1640000000
delta_t = 6.3700000000

!!!!!!!! Propagation velocity = 25.745683 cm/s !!!!!!!!!!

=============================================================

