

[!] Propagation velocity! Id = 12
t1 = 1.1600000000
dvdt[2] = 3.8964867322

t2 = 1.5700000000
dvdt[12] = 3.6674184913
delta_x = 0.2000000000
delta_t = 0.4100000000

!!!!!!!! Propagation velocity = 487.804878 cm/s !!!!!!!!!!

=============================================================



[!] Propagation velocity! Id = 25
t1 = 1.7200000000
dvdt[15] = 3.6035276052

t2 = 2.3900000000
dvdt[25] = 1.9353833453
delta_x = 0.2000000000
delta_t = 0.6700000000

!!!!!!!! Propagation velocity = 298.507463 cm/s !!!!!!!!!!

=============================================================



[!] Propagation velocity! Id = 37
t1 = 2.5100000000
dvdt[27] = 3.0405852514

t2 = 3.0200000000
dvdt[37] = 3.5326268687
delta_x = 0.1999999301
delta_t = 0.5100000000

!!!!!!!! Propagation velocity = 392.156726 cm/s !!!!!!!!!!

=============================================================



[!] Propagation velocity! Id = 50
t1 = 3.1800000000
dvdt[40] = 3.4811440590

t2 = 2.4600000000
dvdt[50] = 2.5873860067
delta_x = 0.3200007542
delta_t = -0.7200000000

!!!!!!!! Propagation velocity = 0.000000 cm/s !!!!!!!!!!

=============================================================



[!] Propagation velocity! Id = 62
t1 = 2.5600000000
dvdt[52] = 3.2926094585

t2 = 3.0700000000
dvdt[62] = 3.5192675505
delta_x = 0.1999999301
delta_t = 0.5100000000

!!!!!!!! Propagation velocity = 392.156726 cm/s !!!!!!!!!!

=============================================================



[!] Propagation velocity! Id = 75
t1 = 3.2300000000
dvdt[65] = 3.4385836320

t2 = 3.7600000000
dvdt[75] = 0.0284101961
delta_x = 2.1599999441
delta_t = 0.5300000000

!!!!!!!! Propagation velocity = 4075.471593 cm/s !!!!!!!!!!

=============================================================

