

[!] Propagation velocity! Id = 14
t1 = 1.4400000000
dvdt[4] = 3.8233448461

t2 = 1.8000000000
dvdt[14] = 3.6445849685
delta_x = 0.1640000000
delta_t = 0.3600000000

!!!!!!!! Propagation velocity = 455.555556 cm/s !!!!!!!!!!

=============================================================



[!] Propagation velocity! Id = 29
t1 = 2.0000000000
dvdt[19] = 3.5849821111

t2 = 2.4200000000
dvdt[29] = 3.5311218153
delta_x = 0.1640000000
delta_t = 0.4200000000

!!!!!!!! Propagation velocity = 390.476190 cm/s !!!!!!!!!!

=============================================================



[!] Propagation velocity! Id = 43
t1 = 2.5900000000
dvdt[33] = 3.5209134075

t2 = 3.0200000000
dvdt[43] = 3.4973852219
delta_x = 0.1640000000
delta_t = 0.4300000000

!!!!!!!! Propagation velocity = 381.395349 cm/s !!!!!!!!!!

=============================================================



[!] Propagation velocity! Id = 58
t1 = 3.2300000000
dvdt[48] = 3.4684275765

t2 = 12.4400000000
dvdt[58] = 2.6411341453
delta_x = 0.1640000000
delta_t = 9.2100000000

!!!!!!!! Propagation velocity = 17.806732 cm/s !!!!!!!!!!

=============================================================

