

[!] Propagation velocity! Id = 100
t1 = 5.2200000000
dvdt[90] = 1.4455291468

t2 = 5.6000000000
dvdt[100] = 1.4458713395
delta_x = 0.1000000000
delta_t = 0.3800000000

!!!!!!!! Propagation velocity = 263.157895 cm/s !!!!!!!!!!

=============================================================



[!] Propagation velocity! Id = 200
t1 = 9.0600000000
dvdt[190] = 1.2958307127

t2 = 9.8100000000
dvdt[200] = 1.0534588477
delta_x = 0.1000000000
delta_t = 0.7500000000

!!!!!!!! Propagation velocity = 133.333333 cm/s !!!!!!!!!!

=============================================================



[!] Propagation velocity! Id = 300
t1 = 13.1500000000
dvdt[290] = 1.4497299161

t2 = 13.5400000000
dvdt[300] = 1.4503908397
delta_x = 0.0999995320
delta_t = 0.3900000000

!!!!!!!! Propagation velocity = 256.409057 cm/s !!!!!!!!!!

=============================================================



[!] Propagation velocity! Id = 500
t1 = 13.1500000000
dvdt[490] = 1.4497299161

t2 = 13.5400000000
dvdt[500] = 1.4503908397
delta_x = 0.0999995320
delta_t = 0.3900000000

!!!!!!!! Propagation velocity = 256.409057 cm/s !!!!!!!!!!

=============================================================



[!] Propagation velocity! Id = 400
t1 = 17.0600000000
dvdt[390] = 1.0168229040

t2 = 21.6500000000
dvdt[400] = 1.5177384149
delta_x = 0.1000003981
delta_t = 4.5900000000

!!!!!!!! Propagation velocity = 21.786579 cm/s !!!!!!!!!!

=============================================================



[!] Propagation velocity! Id = 600
t1 = 17.0600000000
dvdt[590] = 1.0168229040

t2 = 21.6500000000
dvdt[600] = 1.5177384149
delta_x = 0.1000003981
delta_t = 4.5900000000

!!!!!!!! Propagation velocity = 21.786579 cm/s !!!!!!!!!!

=============================================================

