

[!] Propagation velocity! Id = 59
t1 = 4.6800000000
dvdt[54] = 3.5292100382

t2 = 5.0500000000
dvdt[59] = 3.5336182195
delta_x = 0.0820000000
delta_t = 0.3700000000

!!!!!!!! Propagation velocity = 221.621622 cm/s !!!!!!!!!!

=============================================================



[!] Propagation velocity! Id = 119
t1 = 9.1300000000
dvdt[114] = 3.5358688258

t2 = 9.5000000000
dvdt[119] = 3.5335135566
delta_x = 0.0820000000
delta_t = 0.3700000000

!!!!!!!! Propagation velocity = 221.621622 cm/s !!!!!!!!!!

=============================================================



[!] Propagation velocity! Id = 178
t1 = 13.5100000000
dvdt[173] = 3.5407059875

t2 = 13.8800000000
dvdt[178] = 3.5418163023
delta_x = 0.0820000000
delta_t = 0.3700000000

!!!!!!!! Propagation velocity = 221.621622 cm/s !!!!!!!!!!

=============================================================



[!] Propagation velocity! Id = 242
t1 = 18.2300000000
dvdt[237] = 3.3922672009

t2 = 18.6200000000
dvdt[242] = 0.0278485142
delta_x = 0.0820000000
delta_t = 0.3900000000

!!!!!!!! Propagation velocity = 210.256410 cm/s !!!!!!!!!!

=============================================================

