

[!] Propagation velocity! Id = 36
t1 = 2.0200000000
dvdt[26] = 0.1083147183

t2 = 2.0600000000
dvdt[36] = 0.0846853437
delta_x = 0.0680000000
delta_t = 0.0400000000

!!!!!!!! Propagation velocity = 1700.000000 cm/s !!!!!!!!!!

=============================================================



[!] Propagation velocity! Id = 73
t1 = 2.3100000000
dvdt[63] = 0.0365936281

t2 = 2.5200000000
dvdt[73] = 0.0232432493
delta_x = 0.0680000000
delta_t = 0.2100000000

!!!!!!!! Propagation velocity = 323.809524 cm/s !!!!!!!!!!

=============================================================



[!] Propagation velocity! Id = 109
t1 = 3.1600000000
dvdt[99] = 0.0121933316

t2 = 3.4000000000
dvdt[109] = 0.0092867638
delta_x = 0.0680002360
delta_t = 0.2400000000

!!!!!!!! Propagation velocity = 283.334317 cm/s !!!!!!!!!!

=============================================================



[!] Propagation velocity! Id = 182
t1 = 3.1600000000
dvdt[172] = 0.0121933316

t2 = 3.4000000000
dvdt[182] = 0.0092867638
delta_x = 0.0680002360
delta_t = 0.2400000000

!!!!!!!! Propagation velocity = 283.334317 cm/s !!!!!!!!!!

=============================================================



[!] Propagation velocity! Id = 146
t1 = 3.7900000000
dvdt[136] = 0.0025011289

t2 = 6.9100000000
dvdt[146] = 0.0001762633
delta_x = 0.0680002360
delta_t = 3.1200000000

!!!!!!!! Propagation velocity = 21.794947 cm/s !!!!!!!!!!

=============================================================



[!] Propagation velocity! Id = 219
t1 = 3.7900000000
dvdt[209] = 0.0025011289

t2 = 6.9100000000
dvdt[219] = 0.0001762633
delta_x = 0.0680002360
delta_t = 3.1200000000

!!!!!!!! Propagation velocity = 21.794947 cm/s !!!!!!!!!!

=============================================================

