

[!] Propagation velocity! Id = 30
t1 = 2.2800000000
dvdt[25] = 3.5332537401

t2 = 2.5300000000
dvdt[30] = 3.5214305369
delta_x = 0.0820000000
delta_t = 0.2500000000

!!!!!!!! Propagation velocity = 328.000000 cm/s !!!!!!!!!!

=============================================================



[!] Propagation velocity! Id = 60
t1 = 3.8200000000
dvdt[55] = 3.5194152821

t2 = 4.1200000000
dvdt[60] = 3.5172895681
delta_x = 0.0819999280
delta_t = 0.3000000000

!!!!!!!! Propagation velocity = 273.333093 cm/s !!!!!!!!!!

=============================================================



[!] Propagation velocity! Id = 180
t1 = 3.8200000000
dvdt[175] = 3.5194152821

t2 = 4.1200000000
dvdt[180] = 3.5172895680
delta_x = 0.0819999280
delta_t = 0.3000000000

!!!!!!!! Propagation velocity = 273.333093 cm/s !!!!!!!!!!

=============================================================



[!] Propagation velocity! Id = 100
t1 = 6.2800000000
dvdt[95] = 3.5512423983

t2 = 6.6300000000
dvdt[100] = 3.5527175982
delta_x = 0.0820000000
delta_t = 0.3500000000

!!!!!!!! Propagation velocity = 234.285714 cm/s !!!!!!!!!!

=============================================================



[!] Propagation velocity! Id = 140
t1 = 6.2800000000
dvdt[135] = 3.5512423983

t2 = 6.6300000000
dvdt[140] = 3.5527175982
delta_x = 0.0819999280
delta_t = 0.3500000000

!!!!!!!! Propagation velocity = 234.285509 cm/s !!!!!!!!!!

=============================================================



[!] Propagation velocity! Id = 220
t1 = 6.2800000000
dvdt[215] = 3.5512423982

t2 = 6.6300000000
dvdt[220] = 3.5527175983
delta_x = 0.0819999280
delta_t = 0.3500000000

!!!!!!!! Propagation velocity = 234.285509 cm/s !!!!!!!!!!

=============================================================



[!] Propagation velocity! Id = 260
t1 = 6.2800000000
dvdt[255] = 3.5512423982

t2 = 6.6300000000
dvdt[260] = 3.5527175983
delta_x = 0.0820000000
delta_t = 0.3500000000

!!!!!!!! Propagation velocity = 234.285714 cm/s !!!!!!!!!!

=============================================================



[!] Propagation velocity! Id = 120
t1 = 7.7000000000
dvdt[115] = 3.3596533356

t2 = 8.1000000000
dvdt[120] = 0.0333842725
delta_x = 0.0820000000
delta_t = 0.4000000000

!!!!!!!! Propagation velocity = 205.000000 cm/s !!!!!!!!!!

=============================================================



[!] Propagation velocity! Id = 160
t1 = 7.7000000000
dvdt[155] = 3.3596533356

t2 = 8.1000000000
dvdt[160] = 0.0333842725
delta_x = 0.0819999280
delta_t = 0.4000000000

!!!!!!!! Propagation velocity = 204.999820 cm/s !!!!!!!!!!

=============================================================



[!] Propagation velocity! Id = 240
t1 = 7.7000000000
dvdt[235] = 3.3596533356

t2 = 8.1000000000
dvdt[240] = 0.0333842725
delta_x = 0.0819999280
delta_t = 0.4000000000

!!!!!!!! Propagation velocity = 204.999820 cm/s !!!!!!!!!!

=============================================================



[!] Propagation velocity! Id = 280
t1 = 7.7000000000
dvdt[275] = 3.3596533356

t2 = 8.1000000000
dvdt[280] = 0.0333842725
delta_x = 0.0820000000
delta_t = 0.4000000000

!!!!!!!! Propagation velocity = 205.000000 cm/s !!!!!!!!!!

=============================================================

