

[!] Propagation velocity! Id = 59
t1 = 4.8600000000
dvdt[54] = 1.4499429060

t2 = 5.2200000000
dvdt[59] = 1.4496687548
delta_x = 0.0820000000
delta_t = 0.3600000000

!!!!!!!! Propagation velocity = 227.777778 cm/s !!!!!!!!!!

=============================================================



[!] Propagation velocity! Id = 119
t1 = 9.2700000000
dvdt[114] = 1.4510309888

t2 = 9.6300000000
dvdt[119] = 1.4511949697
delta_x = 0.0820000000
delta_t = 0.3600000000

!!!!!!!! Propagation velocity = 227.777778 cm/s !!!!!!!!!!

=============================================================



[!] Propagation velocity! Id = 178
t1 = 13.6100000000
dvdt[173] = 1.4550825905

t2 = 13.9800000000
dvdt[178] = 1.4556995523
delta_x = 0.0820000000
delta_t = 0.3700000000

!!!!!!!! Propagation velocity = 221.621622 cm/s !!!!!!!!!!

=============================================================



[!] Propagation velocity! Id = 242
t1 = 18.4300000000
dvdt[237] = 0.9451526050

t2 = 19.1600000000
dvdt[242] = 0.0274111854
delta_x = 0.0820000000
delta_t = 0.7300000000

!!!!!!!! Propagation velocity = 112.328767 cm/s !!!!!!!!!!

=============================================================

