

[!] Propagation velocity! Id = 59
t1 = 3.7600000000
dvdt[54] = 3.5039336014

t2 = 4.0200000000
dvdt[59] = 3.5030359498
delta_x = 0.0820000000
delta_t = 0.2600000000

!!!!!!!! Propagation velocity = 315.384615 cm/s !!!!!!!!!!

=============================================================



[!] Propagation velocity! Id = 119
t1 = 6.8800000000
dvdt[114] = 3.5009399125

t2 = 7.1400000000
dvdt[119] = 3.5009036888
delta_x = 0.0820000000
delta_t = 0.2600000000

!!!!!!!! Propagation velocity = 315.384615 cm/s !!!!!!!!!!

=============================================================



[!] Propagation velocity! Id = 178
t1 = 9.9500000000
dvdt[173] = 3.4987866234

t2 = 10.2100000000
dvdt[178] = 3.4979183363
delta_x = 0.0820000000
delta_t = 0.2600000000

!!!!!!!! Propagation velocity = 315.384615 cm/s !!!!!!!!!!

=============================================================



[!] Propagation velocity! Id = 242
t1 = 13.3000000000
dvdt[237] = 3.0878752694

t2 = 14.2500000000
dvdt[242] = 4.8559318020
delta_x = 0.0820000000
delta_t = 0.9500000000

!!!!!!!! Propagation velocity = 86.315789 cm/s !!!!!!!!!!

=============================================================

