

[!] Propagation velocity! Id = 25
t1 = 2.5600000000
dvdt[15] = 1.3684149989

t2 = 2.9000000000
dvdt[25] = 1.4094040985
delta_x = 0.1000000000
delta_t = 0.3400000000

!!!!!!!! Propagation velocity = 294.117647 cm/s !!!!!!!!!!

=============================================================



[!] Propagation velocity! Id = 50
t1 = 3.4800000000
dvdt[40] = 1.2924395579

t2 = 4.2300000000
dvdt[50] = 1.0587405694
delta_x = 0.1000000000
delta_t = 0.7500000000

!!!!!!!! Propagation velocity = 133.333333 cm/s !!!!!!!!!!

=============================================================



[!] Propagation velocity! Id = 75
t1 = 4.7300000000
dvdt[65] = 1.4404417150

t2 = 5.1100000000
dvdt[75] = 1.4179345919
delta_x = 0.0999995320
delta_t = 0.3800000000

!!!!!!!! Propagation velocity = 263.156663 cm/s !!!!!!!!!!

=============================================================



[!] Propagation velocity! Id = 125
t1 = 4.7600000000
dvdt[115] = 1.4407205196

t2 = 5.1500000000
dvdt[125] = 1.4112683586
delta_x = 0.1000003981
delta_t = 0.3900000000

!!!!!!!! Propagation velocity = 256.411277 cm/s !!!!!!!!!!

=============================================================



[!] Propagation velocity! Id = 99
t1 = 5.6900000000
dvdt[89] = 1.0078935472

t2 = 10.2700000000
dvdt[99] = 1.5279669486
delta_x = 0.0999995320
delta_t = 4.5800000000

!!!!!!!! Propagation velocity = 21.833959 cm/s !!!!!!!!!!

=============================================================



[!] Propagation velocity! Id = 148
t1 = 5.6900000000
dvdt[138] = 1.0078935472

t2 = 10.2700000000
dvdt[148] = 1.5279669486
delta_x = 0.0999995320
delta_t = 4.5800000000

!!!!!!!! Propagation velocity = 21.833959 cm/s !!!!!!!!!!

=============================================================

