

[!] Propagation velocity! Id = 59
t1 = 4.1400000000
dvdt[54] = 3.5172598871

t2 = 4.4500000000
dvdt[59] = 3.5192583283
delta_x = 0.0820000000
delta_t = 0.3100000000

!!!!!!!! Propagation velocity = 264.516129 cm/s !!!!!!!!!!

=============================================================



[!] Propagation velocity! Id = 119
t1 = 7.8700000000
dvdt[114] = 3.5141870495

t2 = 8.1800000000
dvdt[119] = 3.5093835784
delta_x = 0.0820000000
delta_t = 0.3100000000

!!!!!!!! Propagation velocity = 264.516129 cm/s !!!!!!!!!!

=============================================================



[!] Propagation velocity! Id = 178
t1 = 11.5500000000
dvdt[173] = 3.5169702413

t2 = 11.8600000000
dvdt[178] = 3.5158698875
delta_x = 0.0820000000
delta_t = 0.3100000000

!!!!!!!! Propagation velocity = 264.516129 cm/s !!!!!!!!!!

=============================================================



[!] Propagation velocity! Id = 242
t1 = 15.5500000000
dvdt[237] = 3.2225867441

t2 = 19.7400000000
dvdt[242] = 4.2209727513
delta_x = 0.0820000000
delta_t = 4.1900000000

!!!!!!!! Propagation velocity = 19.570406 cm/s !!!!!!!!!!

=============================================================

