

[!] Propagation velocity! Id = 30
t1 = 2.2000000000
dvdt[25] = 3.5438842276

t2 = 2.4400000000
dvdt[30] = 3.5199560417
delta_x = 0.0820000000
delta_t = 0.2400000000

!!!!!!!! Propagation velocity = 341.666667 cm/s !!!!!!!!!!

=============================================================



[!] Propagation velocity! Id = 60
t1 = 3.7600000000
dvdt[55] = 3.5176598128

t2 = 4.0200000000
dvdt[60] = 3.5179026207
delta_x = 0.0819999280
delta_t = 0.2600000000

!!!!!!!! Propagation velocity = 315.384339 cm/s !!!!!!!!!!

=============================================================



[!] Propagation velocity! Id = 180
t1 = 3.7600000000
dvdt[175] = 3.5176598128

t2 = 4.0200000000
dvdt[180] = 3.5179026207
delta_x = 0.0819999280
delta_t = 0.2600000000

!!!!!!!! Propagation velocity = 315.384339 cm/s !!!!!!!!!!

=============================================================



[!] Propagation velocity! Id = 100
t1 = 5.9300000000
dvdt[95] = 3.5166647956

t2 = 6.2100000000
dvdt[100] = 3.5085716196
delta_x = 0.0820000000
delta_t = 0.2800000000

!!!!!!!! Propagation velocity = 292.857143 cm/s !!!!!!!!!!

=============================================================



[!] Propagation velocity! Id = 140
t1 = 5.9300000000
dvdt[135] = 3.5166647956

t2 = 6.2100000000
dvdt[140] = 3.5085716196
delta_x = 0.0819999280
delta_t = 0.2800000000

!!!!!!!! Propagation velocity = 292.856886 cm/s !!!!!!!!!!

=============================================================



[!] Propagation velocity! Id = 220
t1 = 5.9300000000
dvdt[215] = 3.5166647956

t2 = 6.2100000000
dvdt[220] = 3.5085716196
delta_x = 0.0819999280
delta_t = 0.2800000000

!!!!!!!! Propagation velocity = 292.856886 cm/s !!!!!!!!!!

=============================================================



[!] Propagation velocity! Id = 260
t1 = 5.9300000000
dvdt[255] = 3.5166647956

t2 = 6.2100000000
dvdt[260] = 3.5085716196
delta_x = 0.0820000000
delta_t = 0.2800000000

!!!!!!!! Propagation velocity = 292.857143 cm/s !!!!!!!!!!

=============================================================



[!] Propagation velocity! Id = 120
t1 = 7.0400000000
dvdt[115] = 3.0809697119

t2 = 7.3800000000
dvdt[120] = 0.1089243466
delta_x = 0.0820000000
delta_t = 0.3400000000

!!!!!!!! Propagation velocity = 241.176471 cm/s !!!!!!!!!!

=============================================================



[!] Propagation velocity! Id = 160
t1 = 7.0400000000
dvdt[155] = 3.0809697119

t2 = 7.3800000000
dvdt[160] = 0.1089243466
delta_x = 0.0819999280
delta_t = 0.3400000000

!!!!!!!! Propagation velocity = 241.176259 cm/s !!!!!!!!!!

=============================================================



[!] Propagation velocity! Id = 240
t1 = 7.0400000000
dvdt[235] = 3.0809697119

t2 = 7.3800000000
dvdt[240] = 0.1089243466
delta_x = 0.0819999280
delta_t = 0.3400000000

!!!!!!!! Propagation velocity = 241.176259 cm/s !!!!!!!!!!

=============================================================



[!] Propagation velocity! Id = 280
t1 = 7.0400000000
dvdt[275] = 3.0809697119

t2 = 7.3800000000
dvdt[280] = 0.1089243466
delta_x = 0.0820000000
delta_t = 0.3400000000

!!!!!!!! Propagation velocity = 241.176471 cm/s !!!!!!!!!!

=============================================================

