

[!] Propagation velocity! Id = 59
t1 = 4.7100000000
dvdt[54] = 1.4483073621

t2 = 5.0600000000
dvdt[59] = 1.4483027810
delta_x = 0.0820000000
delta_t = 0.3500000000

!!!!!!!! Propagation velocity = 234.285714 cm/s !!!!!!!!!!

=============================================================



[!] Propagation velocity! Id = 119
t1 = 8.9100000000
dvdt[114] = 1.4483529999

t2 = 9.2600000000
dvdt[119] = 1.4484144940
delta_x = 0.0820000000
delta_t = 0.3500000000

!!!!!!!! Propagation velocity = 234.285714 cm/s !!!!!!!!!!

=============================================================



[!] Propagation velocity! Id = 178
t1 = 13.0400000000
dvdt[173] = 1.4509918624

t2 = 13.3900000000
dvdt[178] = 1.4514427948
delta_x = 0.0820000000
delta_t = 0.3500000000

!!!!!!!! Propagation velocity = 234.285714 cm/s !!!!!!!!!!

=============================================================



[!] Propagation velocity! Id = 242
t1 = 17.6100000000
dvdt[237] = 0.9315173447

t2 = 22.7100000000
dvdt[242] = 1.4769445369
delta_x = 0.0820000000
delta_t = 5.1000000000

!!!!!!!! Propagation velocity = 16.078431 cm/s !!!!!!!!!!

=============================================================

