

[!] Propagation velocity! Id = 59
t1 = 3.8000000000
dvdt[54] = 3.4993539819

t2 = 4.0700000000
dvdt[59] = 3.5051112540
delta_x = 0.0820000000
delta_t = 0.2700000000

!!!!!!!! Propagation velocity = 303.703704 cm/s !!!!!!!!!!

=============================================================



[!] Propagation velocity! Id = 119
t1 = 7.0100000000
dvdt[114] = 3.4976965805

t2 = 7.2700000000
dvdt[119] = 3.4985833434
delta_x = 0.0820000000
delta_t = 0.2600000000

!!!!!!!! Propagation velocity = 315.384615 cm/s !!!!!!!!!!

=============================================================



[!] Propagation velocity! Id = 178
t1 = 10.1600000000
dvdt[173] = 3.5013466321

t2 = 10.4300000000
dvdt[178] = 3.4962584852
delta_x = 0.0820000000
delta_t = 0.2700000000

!!!!!!!! Propagation velocity = 303.703704 cm/s !!!!!!!!!!

=============================================================



[!] Propagation velocity! Id = 242
t1 = 13.6000000000
dvdt[237] = 3.1009352001

t2 = 14.6700000000
dvdt[242] = 4.8489631950
delta_x = 0.0820000000
delta_t = 1.0700000000

!!!!!!!! Propagation velocity = 76.635514 cm/s !!!!!!!!!!

=============================================================

