

[!] Propagation velocity! Id = 36
t1 = 2.0200000000
dvdt[26] = 0.1124181513

t2 = 2.0700000000
dvdt[36] = 0.0889826201
delta_x = 0.0680000000
delta_t = 0.0500000000

!!!!!!!! Propagation velocity = 1360.000000 cm/s !!!!!!!!!!

=============================================================



[!] Propagation velocity! Id = 73
t1 = 2.3600000000
dvdt[63] = 0.0457643165

t2 = 2.5600000000
dvdt[73] = 0.0357447080
delta_x = 0.0680000000
delta_t = 0.2000000000

!!!!!!!! Propagation velocity = 340.000000 cm/s !!!!!!!!!!

=============================================================



[!] Propagation velocity! Id = 109
t1 = 3.2800000000
dvdt[99] = 0.0190704150

t2 = 3.5400000000
dvdt[109] = 0.0146059299
delta_x = 0.0680000000
delta_t = 0.2600000000

!!!!!!!! Propagation velocity = 261.538462 cm/s !!!!!!!!!!

=============================================================



[!] Propagation velocity! Id = 146
t1 = 3.9500000000
dvdt[136] = 0.0039549234

t2 = 8.5300000000
dvdt[146] = 0.0003246757
delta_x = 0.0680000000
delta_t = 4.5800000000

!!!!!!!! Propagation velocity = 14.847162 cm/s !!!!!!!!!!

=============================================================

