

[!] Propagation velocity! Id = 50
t1 = 3.4700000000
dvdt[45] = 3.5089346826

t2 = 3.7600000000
dvdt[50] = 3.5098381656
delta_x = 0.0820000000
delta_t = 0.2900000000

!!!!!!!! Propagation velocity = 282.758621 cm/s !!!!!!!!!!

=============================================================



[!] Propagation velocity! Id = 90
t1 = 5.9500000000
dvdt[85] = 3.5180425500

t2 = 6.2700000000
dvdt[90] = 3.5125496050
delta_x = 0.0819999280
delta_t = 0.3200000000

!!!!!!!! Propagation velocity = 256.249775 cm/s !!!!!!!!!!

=============================================================



[!] Propagation velocity! Id = 150
t1 = 5.9500000000
dvdt[145] = 3.5180425500

t2 = 6.2700000000
dvdt[150] = 3.5125496050
delta_x = 0.0819999280
delta_t = 0.3200000000

!!!!!!!! Propagation velocity = 256.249775 cm/s !!!!!!!!!!

=============================================================



[!] Propagation velocity! Id = 120
t1 = 7.9000000000
dvdt[115] = 3.7127762894

t2 = 8.1100000000
dvdt[120] = 6.5068852804
delta_x = 0.0819999280
delta_t = 0.2100000000

!!!!!!!! Propagation velocity = 390.475848 cm/s !!!!!!!!!!

=============================================================



[!] Propagation velocity! Id = 180
t1 = 7.9000000000
dvdt[175] = 3.7127762894

t2 = 8.1100000000
dvdt[180] = 6.5068852804
delta_x = 0.0819999280
delta_t = 0.2100000000

!!!!!!!! Propagation velocity = 390.475848 cm/s !!!!!!!!!!

=============================================================

