

[!] Propagation velocity! Id = 25
t1 = 2.7900000000
dvdt[15] = 3.7054421631

t2 = 3.0100000000
dvdt[25] = 3.6487609108
delta_x = 0.1000000000
delta_t = 0.2200000000

!!!!!!!! Propagation velocity = 454.545455 cm/s !!!!!!!!!!

=============================================================



[!] Propagation velocity! Id = 50
t1 = 3.3800000000
dvdt[40] = 3.5672535919

t2 = 3.6300000000
dvdt[50] = 3.5444694005
delta_x = 0.1000000000
delta_t = 0.2500000000

!!!!!!!! Propagation velocity = 400.000000 cm/s !!!!!!!!!!

=============================================================



[!] Propagation velocity! Id = 75
t1 = 4.0100000000
dvdt[65] = 3.5234999399

t2 = 4.2700000000
dvdt[75] = 3.5054185242
delta_x = 0.1000000000
delta_t = 0.2600000000

!!!!!!!! Propagation velocity = 384.615385 cm/s !!!!!!!!!!

=============================================================



[!] Propagation velocity! Id = 100
t1 = 4.6700000000
dvdt[90] = 3.0109541773

t2 = 68.7300000000
dvdt[100] = 2.2652659421
delta_x = 0.1000000000
delta_t = 64.0600000000

!!!!!!!! Propagation velocity = 1.561037 cm/s !!!!!!!!!!

=============================================================

