

[!] Propagation velocity! Id = 14
t1 = 1.1400000000
dvdt[4] = 3.7350143843

t2 = 1.4900000000
dvdt[14] = 3.6014966647
delta_x = 0.1640000000
delta_t = 0.3500000000

!!!!!!!! Propagation velocity = 468.571429 cm/s !!!!!!!!!!

=============================================================



[!] Propagation velocity! Id = 29
t1 = 1.6800000000
dvdt[19] = 3.5604174749

t2 = 2.0800000000
dvdt[29] = 3.5274589434
delta_x = 0.1640000000
delta_t = 0.4000000000

!!!!!!!! Propagation velocity = 410.000000 cm/s !!!!!!!!!!

=============================================================



[!] Propagation velocity! Id = 43
t1 = 2.2400000000
dvdt[33] = 3.5233607336

t2 = 2.6400000000
dvdt[43] = 3.5209142713
delta_x = 0.1640000000
delta_t = 0.4000000000

!!!!!!!! Propagation velocity = 410.000000 cm/s !!!!!!!!!!

=============================================================



[!] Propagation velocity! Id = 58
t1 = 2.8400000000
dvdt[48] = 3.4999599485

t2 = 3.2100000000
dvdt[58] = 1.1123251698
delta_x = 0.1640000000
delta_t = 0.3700000000

!!!!!!!! Propagation velocity = 443.243243 cm/s !!!!!!!!!!

=============================================================

