

[!] Propagation velocity! Id = 250
t1 = 10.9400000000
dvdt[240] = 1.4455154408

t2 = 11.3200000000
dvdt[250] = 1.4456789909
delta_x = 0.1000000000
delta_t = 0.3800000000

!!!!!!!! Propagation velocity = 263.157895 cm/s !!!!!!!!!!

=============================================================



[!] Propagation velocity! Id = 500
t1 = 20.4900000000
dvdt[490] = 1.2951688331

t2 = 21.2500000000
dvdt[500] = 1.0528729166
delta_x = 0.1000000000
delta_t = 0.7600000000

!!!!!!!! Propagation velocity = 131.578947 cm/s !!!!!!!!!!

=============================================================



[!] Propagation velocity! Id = 750
t1 = 30.3000000000
dvdt[740] = 1.4465665243

t2 = 30.6900000000
dvdt[750] = 1.4467137519
delta_x = 0.1000003981
delta_t = 0.3900000000

!!!!!!!! Propagation velocity = 256.411277 cm/s !!!!!!!!!!

=============================================================



[!] Propagation velocity! Id = 1250
t1 = 30.3000000000
dvdt[1240] = 1.4465665243

t2 = 30.6900000000
dvdt[1250] = 1.4467137519
delta_x = 0.1000003981
delta_t = 0.3900000000

!!!!!!!! Propagation velocity = 256.411277 cm/s !!!!!!!!!!

=============================================================



[!] Propagation velocity! Id = 1000
t1 = 39.9400000000
dvdt[990] = 1.0169203662

t2 = 44.5600000000
dvdt[1000] = 1.5170853986
delta_x = 0.1000003981
delta_t = 4.6200000000

!!!!!!!! Propagation velocity = 21.645108 cm/s !!!!!!!!!!

=============================================================



[!] Propagation velocity! Id = 1500
t1 = 39.9400000000
dvdt[1490] = 1.0169203662

t2 = 44.5600000000
dvdt[1500] = 1.5170853986
delta_x = 0.1000003981
delta_t = 4.6200000000

!!!!!!!! Propagation velocity = 21.645108 cm/s !!!!!!!!!!

=============================================================

