

[!] Propagation velocity! Id = 25
t1 = 2.5900000000
dvdt[15] = 1.3744353409

t2 = 2.9200000000
dvdt[25] = 1.4293403178
delta_x = 0.1000000000
delta_t = 0.3300000000

!!!!!!!! Propagation velocity = 303.030303 cm/s !!!!!!!!!!

=============================================================



[!] Propagation velocity! Id = 50
t1 = 3.4700000000
dvdt[40] = 1.4510082883

t2 = 3.8500000000
dvdt[50] = 1.4551564949
delta_x = 0.1000000000
delta_t = 0.3800000000

!!!!!!!! Propagation velocity = 263.157895 cm/s !!!!!!!!!!

=============================================================



[!] Propagation velocity! Id = 75
t1 = 4.4200000000
dvdt[65] = 1.4533030206

t2 = 4.8200000000
dvdt[75] = 1.4287733557
delta_x = 0.1000000000
delta_t = 0.4000000000

!!!!!!!! Propagation velocity = 250.000000 cm/s !!!!!!!!!!

=============================================================



[!] Propagation velocity! Id = 100
t1 = 5.4400000000
dvdt[90] = 0.9836575837

t2 = 5.9200000000
dvdt[100] = 0.0282207827
delta_x = 0.1000000000
delta_t = 0.4800000000

!!!!!!!! Propagation velocity = 208.333333 cm/s !!!!!!!!!!

=============================================================

