

[!] Propagation velocity! Id = 25
t1 = 2.0100000000
dvdt[15] = 1.4567069692

t2 = 2.7800000000
dvdt[25] = 1.4524908295
delta_x = 0.2000000000
delta_t = 0.7700000000

!!!!!!!! Propagation velocity = 259.740260 cm/s !!!!!!!!!!

=============================================================



[!] Propagation velocity! Id = 50
t1 = 3.9300000000
dvdt[40] = 1.4534119360

t2 = 4.6900000000
dvdt[50] = 1.4542777525
delta_x = 0.2000000000
delta_t = 0.7600000000

!!!!!!!! Propagation velocity = 263.157895 cm/s !!!!!!!!!!

=============================================================



[!] Propagation velocity! Id = 75
t1 = 5.8500000000
dvdt[65] = 1.4569056607

t2 = 6.6200000000
dvdt[75] = 1.4586238521
delta_x = 0.2000000000
delta_t = 0.7700000000

!!!!!!!! Propagation velocity = 259.740260 cm/s !!!!!!!!!!

=============================================================



[!] Propagation velocity! Id = 100
t1 = 7.8000000000
dvdt[90] = 1.3890122779

t2 = 20.2100000000
dvdt[100] = 0.9756590059
delta_x = 0.2000000000
delta_t = 12.4100000000

!!!!!!!! Propagation velocity = 16.116035 cm/s !!!!!!!!!!

=============================================================

