

[!] Propagation velocity! Id = 29
t1 = 2.2500000000
dvdt[19] = 1.4476494093

t2 = 2.8800000000
dvdt[29] = 1.4501515208
delta_x = 0.1640000000
delta_t = 0.6300000000

!!!!!!!! Propagation velocity = 260.317460 cm/s !!!!!!!!!!

=============================================================



[!] Propagation velocity! Id = 60
t1 = 4.2000000000
dvdt[50] = 1.4049327727

t2 = 5.2200000000
dvdt[60] = 1.0408848588
delta_x = 0.1640000000
delta_t = 1.0200000000

!!!!!!!! Propagation velocity = 160.784314 cm/s !!!!!!!!!!

=============================================================



[!] Propagation velocity! Id = 88
t1 = 6.2600000000
dvdt[78] = 1.4530955063

t2 = 6.8900000000
dvdt[88] = 1.4553935868
delta_x = 0.1639998561
delta_t = 0.6300000000

!!!!!!!! Propagation velocity = 260.317232 cm/s !!!!!!!!!!

=============================================================



[!] Propagation velocity! Id = 147
t1 = 6.2000000000
dvdt[137] = 1.4524594050

t2 = 6.8200000000
dvdt[147] = 1.4552417217
delta_x = 0.1639998561
delta_t = 0.6200000000

!!!!!!!! Propagation velocity = 264.515897 cm/s !!!!!!!!!!

=============================================================



[!] Propagation velocity! Id = 120
t1 = 8.3000000000
dvdt[110] = 1.3272998171

t2 = 11.3500000000
dvdt[120] = 1.7359117799
delta_x = 0.1639998561
delta_t = 3.0500000000

!!!!!!!! Propagation velocity = 53.770445 cm/s !!!!!!!!!!

=============================================================



[!] Propagation velocity! Id = 180
t1 = 8.3000000000
dvdt[170] = 1.3272998171

t2 = 11.3500000000
dvdt[180] = 1.7359117799
delta_x = 0.1639998561
delta_t = 3.0500000000

!!!!!!!! Propagation velocity = 53.770445 cm/s !!!!!!!!!!

=============================================================

