

[!] Propagation velocity! Id = 59
t1 = 3.8000000000
dvdt[54] = 3.5050246604

t2 = 4.0700000000
dvdt[59] = 3.5056950008
delta_x = 0.0820000000
delta_t = 0.2700000000

!!!!!!!! Propagation velocity = 303.703704 cm/s !!!!!!!!!!

=============================================================



[!] Propagation velocity! Id = 119
t1 = 7.0000000000
dvdt[114] = 3.5007283878

t2 = 7.2700000000
dvdt[119] = 3.5037204096
delta_x = 0.0820000000
delta_t = 0.2700000000

!!!!!!!! Propagation velocity = 303.703704 cm/s !!!!!!!!!!

=============================================================



[!] Propagation velocity! Id = 178
t1 = 10.1500000000
dvdt[173] = 3.4966149026

t2 = 10.4200000000
dvdt[178] = 3.5016336829
delta_x = 0.0820000000
delta_t = 0.2700000000

!!!!!!!! Propagation velocity = 303.703704 cm/s !!!!!!!!!!

=============================================================



[!] Propagation velocity! Id = 242
t1 = 13.5900000000
dvdt[237] = 3.0506108502

t2 = 16.9800000000
dvdt[242] = 4.3489573189
delta_x = 0.0820000000
delta_t = 3.3900000000

!!!!!!!! Propagation velocity = 24.188791 cm/s !!!!!!!!!!

=============================================================

