

[!] Propagation velocity! Id = 25
t1 = 1.6100000000
dvdt[15] = 3.6436445401

t2 = 2.3100000000
dvdt[25] = 3.6090097980
delta_x = 0.2000000000
delta_t = 0.7000000000

!!!!!!!! Propagation velocity = 285.714286 cm/s !!!!!!!!!!

=============================================================



[!] Propagation velocity! Id = 50
t1 = 3.3700000000
dvdt[40] = 3.6118669699

t2 = 4.0700000000
dvdt[50] = 3.6072221254
delta_x = 0.2000000000
delta_t = 0.7000000000

!!!!!!!! Propagation velocity = 285.714286 cm/s !!!!!!!!!!

=============================================================



[!] Propagation velocity! Id = 75
t1 = 5.1200000000
dvdt[65] = 3.5984169363

t2 = 5.8100000000
dvdt[75] = 3.5765667877
delta_x = 0.2000000000
delta_t = 0.6900000000

!!!!!!!! Propagation velocity = 289.855072 cm/s !!!!!!!!!!

=============================================================



[!] Propagation velocity! Id = 100
t1 = 6.8500000000
dvdt[90] = 3.5134299328

t2 = 7.6000000000
dvdt[100] = 0.0519275870
delta_x = 0.2000000000
delta_t = 0.7500000000

!!!!!!!! Propagation velocity = 266.666667 cm/s !!!!!!!!!!

=============================================================

