

[!] Propagation velocity! Id = 73
t1 = 7.8200000000
dvdt[63] = 0.9815586790

t2 = 7.9800000000
dvdt[73] = 1.0914419022
delta_x = 0.0680000000
delta_t = 0.1600000000

!!!!!!!! Propagation velocity = 425.000000 cm/s !!!!!!!!!!

=============================================================



[!] Propagation velocity! Id = 147
t1 = 9.4100000000
dvdt[137] = 1.3700281172

t2 = 9.6500000000
dvdt[147] = 1.3822393302
delta_x = 0.0680000000
delta_t = 0.2400000000

!!!!!!!! Propagation velocity = 283.333333 cm/s !!!!!!!!!!

=============================================================



[!] Propagation velocity! Id = 220
t1 = 11.2500000000
dvdt[210] = 1.4209023203

t2 = 11.5100000000
dvdt[220] = 1.4241413044
delta_x = 0.0680000000
delta_t = 0.2600000000

!!!!!!!! Propagation velocity = 261.538462 cm/s !!!!!!!!!!

=============================================================



[!] Propagation velocity! Id = 294
t1 = 13.1500000000
dvdt[284] = 0.6685258729

t2 = 13.5700000000
dvdt[294] = 0.0095576683
delta_x = 0.0680000000
delta_t = 0.4200000000

!!!!!!!! Propagation velocity = 161.904762 cm/s !!!!!!!!!!

=============================================================

