

[!] Propagation velocity! Id = 25
t1 = 2.0100000000
dvdt[15] = 1.4552768997

t2 = 2.7700000000
dvdt[25] = 1.4511016623
delta_x = 0.2000000000
delta_t = 0.7600000000

!!!!!!!! Propagation velocity = 263.157895 cm/s !!!!!!!!!!

=============================================================



[!] Propagation velocity! Id = 50
t1 = 3.9200000000
dvdt[40] = 1.4518778216

t2 = 4.6900000000
dvdt[50] = 1.4525217339
delta_x = 0.2000000000
delta_t = 0.7700000000

!!!!!!!! Propagation velocity = 259.740260 cm/s !!!!!!!!!!

=============================================================



[!] Propagation velocity! Id = 75
t1 = 5.8400000000
dvdt[65] = 1.4546375055

t2 = 6.6100000000
dvdt[75] = 1.4562601103
delta_x = 0.2000000000
delta_t = 0.7700000000

!!!!!!!! Propagation velocity = 259.740260 cm/s !!!!!!!!!!

=============================================================



[!] Propagation velocity! Id = 100
t1 = 7.7800000000
dvdt[90] = 1.3938018938

t2 = 10.5600000000
dvdt[100] = 1.7847562873
delta_x = 0.2000000000
delta_t = 2.7800000000

!!!!!!!! Propagation velocity = 71.942446 cm/s !!!!!!!!!!

=============================================================

