

[!] Propagation velocity! Id = 25
t1 = 2.6500000000
dvdt[15] = 1.3640260890

t2 = 2.9900000000
dvdt[25] = 1.4116209816
delta_x = 0.1000000000
delta_t = 0.3400000000

!!!!!!!! Propagation velocity = 294.117647 cm/s !!!!!!!!!!

=============================================================



[!] Propagation velocity! Id = 50
t1 = 3.5700000000
dvdt[40] = 1.2963271193

t2 = 4.3300000000
dvdt[50] = 1.0611391439
delta_x = 0.1000000000
delta_t = 0.7600000000

!!!!!!!! Propagation velocity = 131.578947 cm/s !!!!!!!!!!

=============================================================



[!] Propagation velocity! Id = 75
t1 = 4.8300000000
dvdt[65] = 1.4453630176

t2 = 5.2200000000
dvdt[75] = 1.4196900794
delta_x = 0.0999995320
delta_t = 0.3900000000

!!!!!!!! Propagation velocity = 256.409057 cm/s !!!!!!!!!!

=============================================================



[!] Propagation velocity! Id = 125
t1 = 4.8700000000
dvdt[115] = 1.4454591777

t2 = 5.2600000000
dvdt[125] = 1.4124388905
delta_x = 0.1000003981
delta_t = 0.3900000000

!!!!!!!! Propagation velocity = 256.411277 cm/s !!!!!!!!!!

=============================================================



[!] Propagation velocity! Id = 99
t1 = 5.8000000000
dvdt[89] = 0.9771371209

t2 = 6.4400000000
dvdt[99] = 0.0244222127
delta_x = 0.0999995320
delta_t = 0.6400000000

!!!!!!!! Propagation velocity = 156.249269 cm/s !!!!!!!!!!

=============================================================



[!] Propagation velocity! Id = 148
t1 = 5.8000000000
dvdt[138] = 0.9771371209

t2 = 6.4400000000
dvdt[148] = 0.0244222127
delta_x = 0.0999995320
delta_t = 0.6400000000

!!!!!!!! Propagation velocity = 156.249269 cm/s !!!!!!!!!!

=============================================================

