

[!] Propagation velocity! Id = 59
t1 = 3.9800000000
dvdt[54] = 3.5125243556

t2 = 4.2700000000
dvdt[59] = 3.5125332223
delta_x = 0.0820000000
delta_t = 0.2900000000

!!!!!!!! Propagation velocity = 282.758621 cm/s !!!!!!!!!!

=============================================================



[!] Propagation velocity! Id = 119
t1 = 7.4700000000
dvdt[114] = 3.5102756259

t2 = 7.7600000000
dvdt[119] = 3.5089773593
delta_x = 0.0820000000
delta_t = 0.2900000000

!!!!!!!! Propagation velocity = 282.758621 cm/s !!!!!!!!!!

=============================================================



[!] Propagation velocity! Id = 178
t1 = 10.9100000000
dvdt[173] = 3.5086970792

t2 = 11.2000000000
dvdt[178] = 3.5090854587
delta_x = 0.0820000000
delta_t = 0.2900000000

!!!!!!!! Propagation velocity = 282.758621 cm/s !!!!!!!!!!

=============================================================



[!] Propagation velocity! Id = 242
t1 = 14.6500000000
dvdt[237] = 3.1642248602

t2 = 16.6500000000
dvdt[242] = 4.6442665110
delta_x = 0.0820000000
delta_t = 2.0000000000

!!!!!!!! Propagation velocity = 41.000000 cm/s !!!!!!!!!!

=============================================================

