

[!] Propagation velocity! Id = 59
t1 = 4.5900000000
dvdt[54] = 1.4478725151

t2 = 4.9300000000
dvdt[59] = 1.4478748388
delta_x = 0.0820000000
delta_t = 0.3400000000

!!!!!!!! Propagation velocity = 241.176471 cm/s !!!!!!!!!!

=============================================================



[!] Propagation velocity! Id = 119
t1 = 8.6100000000
dvdt[114] = 1.4479823530

t2 = 8.9400000000
dvdt[119] = 1.4478571766
delta_x = 0.0820000000
delta_t = 0.3300000000

!!!!!!!! Propagation velocity = 248.484848 cm/s !!!!!!!!!!

=============================================================



[!] Propagation velocity! Id = 178
t1 = 12.5600000000
dvdt[173] = 1.4499226359

t2 = 12.9000000000
dvdt[178] = 1.4505018817
delta_x = 0.0820000000
delta_t = 0.3400000000

!!!!!!!! Propagation velocity = 241.176471 cm/s !!!!!!!!!!

=============================================================



[!] Propagation velocity! Id = 242
t1 = 16.9300000000
dvdt[237] = 0.9511589867

t2 = 19.0100000000
dvdt[242] = 1.8506082140
delta_x = 0.0820000000
delta_t = 2.0800000000

!!!!!!!! Propagation velocity = 39.423077 cm/s !!!!!!!!!!

=============================================================

