

[!] Propagation velocity! Id = 36
t1 = 0.5600000000
dvdt[26] = 0.0703731616

t2 = 1.0800000000
dvdt[36] = 0.0504255112
delta_x = 0.0680000000
delta_t = 0.5200000000

!!!!!!!! Propagation velocity = 130.769231 cm/s !!!!!!!!!!

=============================================================



[!] Propagation velocity! Id = 73
t1 = 3.1700000000
dvdt[63] = 0.0289874224

t2 = 3.2800000000
dvdt[73] = 0.0237723050
delta_x = 0.0680000000
delta_t = 0.1100000000

!!!!!!!! Propagation velocity = 618.181818 cm/s !!!!!!!!!!

=============================================================



[!] Propagation velocity! Id = 109
t1 = 3.6500000000
dvdt[99] = 0.0131067340

t2 = 3.8100000000
dvdt[109] = 0.0099478134
delta_x = 0.0680000000
delta_t = 0.1600000000

!!!!!!!! Propagation velocity = 425.000000 cm/s !!!!!!!!!!

=============================================================



[!] Propagation velocity! Id = 146
t1 = 4.1600000000
dvdt[136] = 0.0026945361

t2 = 6.1000000000
dvdt[146] = 0.0002905693
delta_x = 0.0680000000
delta_t = 1.9400000000

!!!!!!!! Propagation velocity = 35.051546 cm/s !!!!!!!!!!

=============================================================

