

[!] Propagation velocity! Id = 50
t1 = 3.6300000000
dvdt[40] = 3.5373551140

t2 = 4.3800000000
dvdt[50] = 3.5387359107
delta_x = 0.2000000000
delta_t = 0.7500000000

!!!!!!!! Propagation velocity = 266.666667 cm/s !!!!!!!!!!

=============================================================



[!] Propagation velocity! Id = 100
t1 = 7.3800000000
dvdt[90] = 3.5408124486

t2 = 8.1300000000
dvdt[100] = 3.5407870839
delta_x = 0.2000000000
delta_t = 0.7500000000

!!!!!!!! Propagation velocity = 266.666667 cm/s !!!!!!!!!!

=============================================================



[!] Propagation velocity! Id = 150
t1 = 11.1300000000
dvdt[140] = 3.5389402061

t2 = 11.8800000000
dvdt[150] = 3.5378223209
delta_x = 0.2000000000
delta_t = 0.7500000000

!!!!!!!! Propagation velocity = 266.666667 cm/s !!!!!!!!!!

=============================================================



[!] Propagation velocity! Id = 200
t1 = 14.8900000000
dvdt[190] = 3.5296220954

t2 = 24.3600000000
dvdt[200] = 3.5622254932
delta_x = 0.2000000000
delta_t = 9.4700000000

!!!!!!!! Propagation velocity = 21.119324 cm/s !!!!!!!!!!

=============================================================

