

[!] Propagation velocity! Id = 125
t1 = 9.6400000000
dvdt[115] = 1.4484646531

t2 = 10.4000000000
dvdt[125] = 1.4484052151
delta_x = 0.2000000000
delta_t = 0.7600000000

!!!!!!!! Propagation velocity = 263.157895 cm/s !!!!!!!!!!

=============================================================



[!] Propagation velocity! Id = 250
t1 = 19.1900000000
dvdt[240] = 1.4250138601

t2 = 20.3400000000
dvdt[250] = 1.0291346505
delta_x = 0.2000000000
delta_t = 1.1500000000

!!!!!!!! Propagation velocity = 173.913043 cm/s !!!!!!!!!!

=============================================================



[!] Propagation velocity! Id = 375
t1 = 29.0300000000
dvdt[365] = 1.4490091427

t2 = 29.7900000000
dvdt[375] = 1.4493852013
delta_x = 0.2000007961
delta_t = 0.7600000000

!!!!!!!! Propagation velocity = 263.158942 cm/s !!!!!!!!!!

=============================================================



[!] Propagation velocity! Id = 625
t1 = 29.0300000000
dvdt[615] = 1.4490091427

t2 = 29.7900000000
dvdt[625] = 1.4493852013
delta_x = 0.2000007961
delta_t = 0.7600000000

!!!!!!!! Propagation velocity = 263.158942 cm/s !!!!!!!!!!

=============================================================



[!] Propagation velocity! Id = 500
t1 = 38.6300000000
dvdt[490] = 1.3942997669

t2 = 41.4100000000
dvdt[500] = 1.7857444297
delta_x = 0.1999999301
delta_t = 2.7800000000

!!!!!!!! Propagation velocity = 71.942421 cm/s !!!!!!!!!!

=============================================================



[!] Propagation velocity! Id = 750
t1 = 38.6300000000
dvdt[740] = 1.3942997669

t2 = 41.4100000000
dvdt[750] = 1.7857444297
delta_x = 0.1999999301
delta_t = 2.7800000000

!!!!!!!! Propagation velocity = 71.942421 cm/s !!!!!!!!!!

=============================================================

