

[!] Propagation velocity! Id = 36
t1 = 2.0100000000
dvdt[26] = 0.0936724704

t2 = 2.0500000000
dvdt[36] = 0.0744542142
delta_x = 0.0680000000
delta_t = 0.0400000000

!!!!!!!! Propagation velocity = 1700.000000 cm/s !!!!!!!!!!

=============================================================



[!] Propagation velocity! Id = 73
t1 = 2.2600000000
dvdt[63] = 0.0327839483

t2 = 2.4300000000
dvdt[73] = 0.0207867645
delta_x = 0.0680000000
delta_t = 0.1700000000

!!!!!!!! Propagation velocity = 400.000000 cm/s !!!!!!!!!!

=============================================================



[!] Propagation velocity! Id = 109
t1 = 2.9700000000
dvdt[99] = 0.0106363370

t2 = 3.1800000000
dvdt[109] = 0.0080456371
delta_x = 0.0680002360
delta_t = 0.2100000000

!!!!!!!! Propagation velocity = 323.810648 cm/s !!!!!!!!!!

=============================================================



[!] Propagation velocity! Id = 182
t1 = 2.9700000000
dvdt[172] = 0.0106363370

t2 = 3.1800000000
dvdt[182] = 0.0080456371
delta_x = 0.0680002360
delta_t = 0.2100000000

!!!!!!!! Propagation velocity = 323.810648 cm/s !!!!!!!!!!

=============================================================



[!] Propagation velocity! Id = 146
t1 = 3.5800000000
dvdt[136] = 0.0022706461

t2 = 5.7100000000
dvdt[146] = 0.0003609009
delta_x = 0.0680002360
delta_t = 2.1300000000

!!!!!!!! Propagation velocity = 31.924993 cm/s !!!!!!!!!!

=============================================================



[!] Propagation velocity! Id = 219
t1 = 3.5800000000
dvdt[209] = 0.0022706461

t2 = 5.7100000000
dvdt[219] = 0.0003609009
delta_x = 0.0680002360
delta_t = 2.1300000000

!!!!!!!! Propagation velocity = 31.924993 cm/s !!!!!!!!!!

=============================================================

