

[!] Propagation velocity! Id = 59
t1 = 4.2800000000
dvdt[54] = 3.5170286755

t2 = 4.6000000000
dvdt[59] = 3.5140918469
delta_x = 0.0820000000
delta_t = 0.3200000000

!!!!!!!! Propagation velocity = 256.250000 cm/s !!!!!!!!!!

=============================================================



[!] Propagation velocity! Id = 119
t1 = 8.1800000000
dvdt[114] = 3.5168022092

t2 = 8.5000000000
dvdt[119] = 3.5228682370
delta_x = 0.0820000000
delta_t = 0.3200000000

!!!!!!!! Propagation velocity = 256.250000 cm/s !!!!!!!!!!

=============================================================



[!] Propagation velocity! Id = 178
t1 = 12.0000000000
dvdt[173] = 3.5293309020

t2 = 12.3300000000
dvdt[178] = 3.5229171202
delta_x = 0.0820000000
delta_t = 0.3300000000

!!!!!!!! Propagation velocity = 248.484848 cm/s !!!!!!!!!!

=============================================================



[!] Propagation velocity! Id = 242
t1 = 16.1400000000
dvdt[237] = 3.2708055608

t2 = 16.5200000000
dvdt[242] = 0.0424313516
delta_x = 0.0820000000
delta_t = 0.3800000000

!!!!!!!! Propagation velocity = 215.789474 cm/s !!!!!!!!!!

=============================================================

