

[!] Propagation velocity! Id = 59
t1 = 5.0200000000
dvdt[54] = 1.4493993323

t2 = 5.4100000000
dvdt[59] = 1.4493403100
delta_x = 0.0820000000
delta_t = 0.3900000000

!!!!!!!! Propagation velocity = 210.256410 cm/s !!!!!!!!!!

=============================================================



[!] Propagation velocity! Id = 119
t1 = 9.6600000000
dvdt[114] = 1.4496148553

t2 = 10.0500000000
dvdt[119] = 1.4498955274
delta_x = 0.0820000000
delta_t = 0.3900000000

!!!!!!!! Propagation velocity = 210.256410 cm/s !!!!!!!!!!

=============================================================



[!] Propagation velocity! Id = 178
t1 = 14.2400000000
dvdt[173] = 1.4527005859

t2 = 14.6300000000
dvdt[178] = 1.4530652382
delta_x = 0.0820000000
delta_t = 0.3900000000

!!!!!!!! Propagation velocity = 210.256410 cm/s !!!!!!!!!!

=============================================================



[!] Propagation velocity! Id = 242
t1 = 19.3000000000
dvdt[237] = 0.9920068127

t2 = 97.1400000000
dvdt[242] = 0.0523690075
delta_x = 0.0820000000
delta_t = 77.8400000000

!!!!!!!! Propagation velocity = 1.053443 cm/s !!!!!!!!!!

=============================================================

