

[!] Propagation velocity! Id = 36
t1 = 0.5700000000
dvdt[26] = 0.0705850565

t2 = 1.0500000000
dvdt[36] = 0.0504773365
delta_x = 0.0680000000
delta_t = 0.4800000000

!!!!!!!! Propagation velocity = 141.666667 cm/s !!!!!!!!!!

=============================================================



[!] Propagation velocity! Id = 73
t1 = 3.1400000000
dvdt[63] = 0.0229230035

t2 = 3.2700000000
dvdt[73] = 0.0159583059
delta_x = 0.0680000000
delta_t = 0.1300000000

!!!!!!!! Propagation velocity = 523.076923 cm/s !!!!!!!!!!

=============================================================



[!] Propagation velocity! Id = 109
t1 = 3.6400000000
dvdt[99] = 0.0087830094

t2 = 3.8000000000
dvdt[109] = 0.0066645619
delta_x = 0.0680002360
delta_t = 0.1600000000

!!!!!!!! Propagation velocity = 425.001475 cm/s !!!!!!!!!!

=============================================================



[!] Propagation velocity! Id = 146
t1 = 4.1400000000
dvdt[136] = 0.0018111039

t2 = 5.9200000000
dvdt[146] = 0.0001976104
delta_x = 0.0680002360
delta_t = 1.7800000000

!!!!!!!! Propagation velocity = 38.202380 cm/s !!!!!!!!!!

=============================================================



[!] Propagation velocity! Id = 182
t1 = 3.6400000000
dvdt[172] = 0.0087830094

t2 = 3.8000000000
dvdt[182] = 0.0066645619
delta_x = 0.0680002360
delta_t = 0.1600000000

!!!!!!!! Propagation velocity = 425.001475 cm/s !!!!!!!!!!

=============================================================



[!] Propagation velocity! Id = 219
t1 = 4.1400000000
dvdt[209] = 0.0018111039

t2 = 5.9200000000
dvdt[219] = 0.0001976104
delta_x = 0.0680002360
delta_t = 1.7800000000

!!!!!!!! Propagation velocity = 38.202380 cm/s !!!!!!!!!!

=============================================================

