

[!] Propagation velocity! Id = 50
t1 = 3.9100000000
dvdt[40] = 1.4491022548

t2 = 4.6700000000
dvdt[50] = 1.4487349029
delta_x = 0.2000000000
delta_t = 0.7600000000

!!!!!!!! Propagation velocity = 263.157895 cm/s !!!!!!!!!!

=============================================================



[!] Propagation velocity! Id = 100
t1 = 7.7300000000
dvdt[90] = 1.4491425824

t2 = 8.5000000000
dvdt[100] = 1.4490326031
delta_x = 0.2000000000
delta_t = 0.7700000000

!!!!!!!! Propagation velocity = 259.740260 cm/s !!!!!!!!!!

=============================================================



[!] Propagation velocity! Id = 150
t1 = 11.5600000000
dvdt[140] = 1.4516232631

t2 = 12.3300000000
dvdt[150] = 1.4525355240
delta_x = 0.2000000000
delta_t = 0.7700000000

!!!!!!!! Propagation velocity = 259.740260 cm/s !!!!!!!!!!

=============================================================



[!] Propagation velocity! Id = 200
t1 = 15.4200000000
dvdt[190] = 1.3925421653

t2 = 20.0700000000
dvdt[200] = 1.5379393940
delta_x = 0.2000000000
delta_t = 4.6500000000

!!!!!!!! Propagation velocity = 43.010753 cm/s !!!!!!!!!!

=============================================================

