

[!] Propagation velocity! Id = 30
t1 = 2.6600000000
dvdt[25] = 1.4389108930

t2 = 2.9900000000
dvdt[30] = 1.4090223359
delta_x = 0.0820000000
delta_t = 0.3300000000

!!!!!!!! Propagation velocity = 248.484848 cm/s !!!!!!!!!!

=============================================================



[!] Propagation velocity! Id = 60
t1 = 4.9600000000
dvdt[55] = 1.4435075323

t2 = 5.2900000000
dvdt[60] = 1.4437680814
delta_x = 0.0819999280
delta_t = 0.3300000000

!!!!!!!! Propagation velocity = 248.484630 cm/s !!!!!!!!!!

=============================================================



[!] Propagation velocity! Id = 180
t1 = 4.9600000000
dvdt[175] = 1.4435075323

t2 = 5.2900000000
dvdt[180] = 1.4437680814
delta_x = 0.0819999280
delta_t = 0.3300000000

!!!!!!!! Propagation velocity = 248.484630 cm/s !!!!!!!!!!

=============================================================



[!] Propagation velocity! Id = 100
t1 = 7.9200000000
dvdt[95] = 1.4444676328

t2 = 8.2500000000
dvdt[100] = 1.4497124941
delta_x = 0.0820000000
delta_t = 0.3300000000

!!!!!!!! Propagation velocity = 248.484848 cm/s !!!!!!!!!!

=============================================================



[!] Propagation velocity! Id = 140
t1 = 7.9200000000
dvdt[135] = 1.4444676328

t2 = 8.2500000000
dvdt[140] = 1.4497124941
delta_x = 0.0819999280
delta_t = 0.3300000000

!!!!!!!! Propagation velocity = 248.484630 cm/s !!!!!!!!!!

=============================================================



[!] Propagation velocity! Id = 220
t1 = 7.9200000000
dvdt[215] = 1.4444676328

t2 = 8.2500000000
dvdt[220] = 1.4497124941
delta_x = 0.0819999280
delta_t = 0.3300000000

!!!!!!!! Propagation velocity = 248.484630 cm/s !!!!!!!!!!

=============================================================



[!] Propagation velocity! Id = 260
t1 = 7.9200000000
dvdt[255] = 1.4444676328

t2 = 8.2500000000
dvdt[260] = 1.4497124941
delta_x = 0.0820000000
delta_t = 0.3300000000

!!!!!!!! Propagation velocity = 248.484848 cm/s !!!!!!!!!!

=============================================================



[!] Propagation velocity! Id = 120
t1 = 9.1700000000
dvdt[115] = 1.9063824251

t2 = 9.2700000000
dvdt[120] = 2.4541804494
delta_x = 0.0820000000
delta_t = 0.1000000000

!!!!!!!! Propagation velocity = 820.000000 cm/s !!!!!!!!!!

=============================================================



[!] Propagation velocity! Id = 160
t1 = 9.1700000000
dvdt[155] = 1.9063824251

t2 = 9.2700000000
dvdt[160] = 2.4541804494
delta_x = 0.0819999280
delta_t = 0.1000000000

!!!!!!!! Propagation velocity = 819.999280 cm/s !!!!!!!!!!

=============================================================



[!] Propagation velocity! Id = 240
t1 = 9.1700000000
dvdt[235] = 1.9063824251

t2 = 9.2700000000
dvdt[240] = 2.4541804494
delta_x = 0.0819999280
delta_t = 0.1000000000

!!!!!!!! Propagation velocity = 819.999280 cm/s !!!!!!!!!!

=============================================================



[!] Propagation velocity! Id = 280
t1 = 9.1700000000
dvdt[275] = 1.9063824251

t2 = 9.2700000000
dvdt[280] = 2.4541804494
delta_x = 0.0820000000
delta_t = 0.1000000000

!!!!!!!! Propagation velocity = 820.000000 cm/s !!!!!!!!!!

=============================================================

