

[!] Propagation velocity! Id = 14
t1 = 1.4400000000
dvdt[4] = 1.5885987674

t2 = 1.9600000000
dvdt[14] = 1.4617208653
delta_x = 0.1640000000
delta_t = 0.5200000000

!!!!!!!! Propagation velocity = 315.384615 cm/s !!!!!!!!!!

=============================================================



[!] Propagation velocity! Id = 29
t1 = 2.2700000000
dvdt[19] = 1.4528673047

t2 = 2.9000000000
dvdt[29] = 1.4552736161
delta_x = 0.1640000000
delta_t = 0.6300000000

!!!!!!!! Propagation velocity = 260.317460 cm/s !!!!!!!!!!

=============================================================



[!] Propagation velocity! Id = 43
t1 = 3.1500000000
dvdt[33] = 1.4554663348

t2 = 3.7800000000
dvdt[43] = 1.4435472329
delta_x = 0.1640000000
delta_t = 0.6300000000

!!!!!!!! Propagation velocity = 260.317460 cm/s !!!!!!!!!!

=============================================================



[!] Propagation velocity! Id = 58
t1 = 4.1100000000
dvdt[48] = 1.3955150301

t2 = 6.1800000000
dvdt[58] = 0.9915027932
delta_x = 0.1640000000
delta_t = 2.0700000000

!!!!!!!! Propagation velocity = 79.227053 cm/s !!!!!!!!!!

=============================================================

