

[!] Propagation velocity! Id = 14
t1 = 1.4600000000
dvdt[4] = 1.5931999481

t2 = 1.9800000000
dvdt[14] = 1.4565325020
delta_x = 0.1640000000
delta_t = 0.5200000000

!!!!!!!! Propagation velocity = 315.384615 cm/s !!!!!!!!!!

=============================================================



[!] Propagation velocity! Id = 30
t1 = 2.3600000000
dvdt[20] = 1.4084453896

t2 = 3.3900000000
dvdt[30] = 1.0449191075
delta_x = 0.1640000000
delta_t = 1.0300000000

!!!!!!!! Propagation velocity = 159.223301 cm/s !!!!!!!!!!

=============================================================



[!] Propagation velocity! Id = 43
t1 = 3.5400000000
dvdt[33] = 1.3311386872

t2 = 4.1200000000
dvdt[43] = 1.4389328419
delta_x = 0.1640007221
delta_t = 0.5800000000

!!!!!!!! Propagation velocity = 282.759866 cm/s !!!!!!!!!!

=============================================================



[!] Propagation velocity! Id = 72
t1 = 3.4900000000
dvdt[62] = 1.2622499269

t2 = 4.0600000000
dvdt[72] = 1.4427955113
delta_x = 0.1639998561
delta_t = 0.5700000000

!!!!!!!! Propagation velocity = 287.719046 cm/s !!!!!!!!!!

=============================================================



[!] Propagation velocity! Id = 60
t1 = 4.5800000000
dvdt[50] = 1.3215149352

t2 = 10.2200000000
dvdt[60] = 1.4318002782
delta_x = 0.1639998561
delta_t = 5.6400000000

!!!!!!!! Propagation velocity = 29.077989 cm/s !!!!!!!!!!

=============================================================



[!] Propagation velocity! Id = 90
t1 = 4.5800000000
dvdt[80] = 1.3215149352

t2 = 10.2200000000
dvdt[90] = 1.4318002782
delta_x = 0.1639998561
delta_t = 5.6400000000

!!!!!!!! Propagation velocity = 29.077989 cm/s !!!!!!!!!!

=============================================================

