

[!] Propagation velocity! Id = 25
t1 = 2.0300000000
dvdt[15] = 1.4624547281

t2 = 2.8000000000
dvdt[25] = 1.4585380825
delta_x = 0.2000000000
delta_t = 0.7700000000

!!!!!!!! Propagation velocity = 259.740260 cm/s !!!!!!!!!!

=============================================================



[!] Propagation velocity! Id = 50
t1 = 3.9600000000
dvdt[40] = 1.4351174486

t2 = 5.1200000000
dvdt[50] = 1.0354828805
delta_x = 0.2000000000
delta_t = 1.1600000000

!!!!!!!! Propagation velocity = 172.413793 cm/s !!!!!!!!!!

=============================================================



[!] Propagation velocity! Id = 75
t1 = 6.1900000000
dvdt[65] = 1.4605986016

t2 = 6.9600000000
dvdt[75] = 1.4629073630
delta_x = 0.1999999301
delta_t = 0.7700000000

!!!!!!!! Propagation velocity = 259.740169 cm/s !!!!!!!!!!

=============================================================



[!] Propagation velocity! Id = 125
t1 = 6.2700000000
dvdt[115] = 1.4606705176

t2 = 7.0400000000
dvdt[125] = 1.4628772308
delta_x = 0.1999999301
delta_t = 0.7700000000

!!!!!!!! Propagation velocity = 259.740169 cm/s !!!!!!!!!!

=============================================================



[!] Propagation velocity! Id = 99
t1 = 8.0600000000
dvdt[89] = 1.3886531223

t2 = 8.9700000000
dvdt[99] = 0.0281537001
delta_x = 0.1999999301
delta_t = 0.9100000000

!!!!!!!! Propagation velocity = 219.780143 cm/s !!!!!!!!!!

=============================================================



[!] Propagation velocity! Id = 148
t1 = 8.0600000000
dvdt[138] = 1.3886531223

t2 = 8.9700000000
dvdt[148] = 0.0281537001
delta_x = 0.1999999301
delta_t = 0.9100000000

!!!!!!!! Propagation velocity = 219.780143 cm/s !!!!!!!!!!

=============================================================

