

[!] Propagation velocity! Id = 36
t1 = 2.0100000000
dvdt[26] = 0.0965265660

t2 = 2.0500000000
dvdt[36] = 0.0777799853
delta_x = 0.0680000000
delta_t = 0.0400000000

!!!!!!!! Propagation velocity = 1700.000000 cm/s !!!!!!!!!!

=============================================================



[!] Propagation velocity! Id = 73
t1 = 2.2900000000
dvdt[63] = 0.0406416614

t2 = 2.4500000000
dvdt[73] = 0.0315386772
delta_x = 0.0680000000
delta_t = 0.1600000000

!!!!!!!! Propagation velocity = 425.000000 cm/s !!!!!!!!!!

=============================================================



[!] Propagation velocity! Id = 109
t1 = 3.0100000000
dvdt[99] = 0.0162167918

t2 = 3.2300000000
dvdt[109] = 0.0122826894
delta_x = 0.0680000000
delta_t = 0.2200000000

!!!!!!!! Propagation velocity = 309.090909 cm/s !!!!!!!!!!

=============================================================



[!] Propagation velocity! Id = 146
t1 = 3.6300000000
dvdt[136] = 0.0034358008

t2 = 6.0400000000
dvdt[146] = 0.0005147234
delta_x = 0.0680000000
delta_t = 2.4100000000

!!!!!!!! Propagation velocity = 28.215768 cm/s !!!!!!!!!!

=============================================================

