

[!] Propagation velocity! Id = 50
t1 = 3.9100000000
dvdt[40] = 1.4493668742

t2 = 4.6800000000
dvdt[50] = 1.4490796762
delta_x = 0.2000000000
delta_t = 0.7700000000

!!!!!!!! Propagation velocity = 259.740260 cm/s !!!!!!!!!!

=============================================================



[!] Propagation velocity! Id = 100
t1 = 7.7300000000
dvdt[90] = 1.4495026151

t2 = 8.5000000000
dvdt[100] = 1.4498619297
delta_x = 0.2000000000
delta_t = 0.7700000000

!!!!!!!! Propagation velocity = 259.740260 cm/s !!!!!!!!!!

=============================================================



[!] Propagation velocity! Id = 150
t1 = 11.5600000000
dvdt[140] = 1.4525232839

t2 = 12.3300000000
dvdt[150] = 1.4538912112
delta_x = 0.2000000000
delta_t = 0.7700000000

!!!!!!!! Propagation velocity = 259.740260 cm/s !!!!!!!!!!

=============================================================



[!] Propagation velocity! Id = 200
t1 = 15.4400000000
dvdt[190] = 1.3888007073

t2 = 27.9100000000
dvdt[200] = 0.9717606834
delta_x = 0.2000000000
delta_t = 12.4700000000

!!!!!!!! Propagation velocity = 16.038492 cm/s !!!!!!!!!!

=============================================================

