

[!] Propagation velocity! Id = 30
t1 = 2.6600000000
dvdt[25] = 1.4539704264

t2 = 2.9900000000
dvdt[30] = 1.4746213769
delta_x = 0.0820000000
delta_t = 0.3300000000

!!!!!!!! Propagation velocity = 248.484848 cm/s !!!!!!!!!!

=============================================================



[!] Propagation velocity! Id = 60
t1 = 4.7000000000
dvdt[55] = 1.4517233701

t2 = 5.1000000000
dvdt[60] = 1.4520756159
delta_x = 0.0819999280
delta_t = 0.4000000000

!!!!!!!! Propagation velocity = 204.999820 cm/s !!!!!!!!!!

=============================================================



[!] Propagation velocity! Id = 180
t1 = 4.7000000000
dvdt[175] = 1.4517233701

t2 = 5.1000000000
dvdt[180] = 1.4520756159
delta_x = 0.0819999280
delta_t = 0.4000000000

!!!!!!!! Propagation velocity = 204.999820 cm/s !!!!!!!!!!

=============================================================



[!] Propagation velocity! Id = 100
t1 = 7.9900000000
dvdt[95] = 1.4588593359

t2 = 8.4700000000
dvdt[100] = 1.4603735915
delta_x = 0.0820000000
delta_t = 0.4800000000

!!!!!!!! Propagation velocity = 170.833333 cm/s !!!!!!!!!!

=============================================================



[!] Propagation velocity! Id = 140
t1 = 7.9900000000
dvdt[135] = 1.4588593359

t2 = 8.4700000000
dvdt[140] = 1.4603735915
delta_x = 0.0819999280
delta_t = 0.4800000000

!!!!!!!! Propagation velocity = 170.833183 cm/s !!!!!!!!!!

=============================================================



[!] Propagation velocity! Id = 220
t1 = 7.9900000000
dvdt[215] = 1.4588593359

t2 = 8.4700000000
dvdt[220] = 1.4603735915
delta_x = 0.0819999280
delta_t = 0.4800000000

!!!!!!!! Propagation velocity = 170.833183 cm/s !!!!!!!!!!

=============================================================



[!] Propagation velocity! Id = 260
t1 = 7.9900000000
dvdt[255] = 1.4588593359

t2 = 8.4700000000
dvdt[260] = 1.4603735915
delta_x = 0.0820000000
delta_t = 0.4800000000

!!!!!!!! Propagation velocity = 170.833333 cm/s !!!!!!!!!!

=============================================================



[!] Propagation velocity! Id = 120
t1 = 9.9800000000
dvdt[115] = 1.1570818623

t2 = 48.7600000000
dvdt[120] = 0.2184971579
delta_x = 0.0820000000
delta_t = 38.7800000000

!!!!!!!! Propagation velocity = 2.114492 cm/s !!!!!!!!!!

=============================================================



[!] Propagation velocity! Id = 160
t1 = 9.9800000000
dvdt[155] = 1.1570818623

t2 = 48.7600000000
dvdt[160] = 0.2184971579
delta_x = 0.0819999280
delta_t = 38.7800000000

!!!!!!!! Propagation velocity = 2.114490 cm/s !!!!!!!!!!

=============================================================



[!] Propagation velocity! Id = 240
t1 = 9.9800000000
dvdt[235] = 1.1570818623

t2 = 48.7600000000
dvdt[240] = 0.2184971579
delta_x = 0.0819999280
delta_t = 38.7800000000

!!!!!!!! Propagation velocity = 2.114490 cm/s !!!!!!!!!!

=============================================================



[!] Propagation velocity! Id = 280
t1 = 9.9800000000
dvdt[275] = 1.1570818623

t2 = 48.7600000000
dvdt[280] = 0.2184971579
delta_x = 0.0820000000
delta_t = 38.7800000000

!!!!!!!! Propagation velocity = 2.114492 cm/s !!!!!!!!!!

=============================================================

