

[!] Propagation velocity! Id = 250
t1 = 10.3600000000
dvdt[240] = 3.4814119295

t2 = 10.7400000000
dvdt[250] = 3.4767650765
delta_x = 0.1000000000
delta_t = 0.3800000000

!!!!!!!! Propagation velocity = 263.157895 cm/s !!!!!!!!!!

=============================================================



[!] Propagation velocity! Id = 500
t1 = 19.6700000000
dvdt[490] = 3.4812129745

t2 = 20.0500000000
dvdt[500] = 3.4774372508
delta_x = 0.1000000000
delta_t = 0.3800000000

!!!!!!!! Propagation velocity = 263.157895 cm/s !!!!!!!!!!

=============================================================



[!] Propagation velocity! Id = 750
t1 = 28.9700000000
dvdt[740] = 3.4851897319

t2 = 29.3400000000
dvdt[750] = 3.4828120037
delta_x = 0.1000000000
delta_t = 0.3700000000

!!!!!!!! Propagation velocity = 270.270270 cm/s !!!!!!!!!!

=============================================================



[!] Propagation velocity! Id = 1000
t1 = 38.2300000000
dvdt[990] = 3.3406236894

t2 = 38.6800000000
dvdt[1000] = 0.0913583275
delta_x = 0.1000000000
delta_t = 0.4500000000

!!!!!!!! Propagation velocity = 222.222222 cm/s !!!!!!!!!!

=============================================================

