

[!] Propagation velocity! Id = 59
t1 = 4.4900000000
dvdt[54] = 1.4478423076

t2 = 4.8100000000
dvdt[59] = 1.4477330428
delta_x = 0.0820000000
delta_t = 0.3200000000

!!!!!!!! Propagation velocity = 256.250000 cm/s !!!!!!!!!!

=============================================================



[!] Propagation velocity! Id = 119
t1 = 8.3500000000
dvdt[114] = 1.4481982075

t2 = 8.6700000000
dvdt[119] = 1.4481895657
delta_x = 0.0820000000
delta_t = 0.3200000000

!!!!!!!! Propagation velocity = 256.250000 cm/s !!!!!!!!!!

=============================================================



[!] Propagation velocity! Id = 178
t1 = 12.1500000000
dvdt[173] = 1.4508791112

t2 = 12.4800000000
dvdt[178] = 1.4513560681
delta_x = 0.0820000000
delta_t = 0.3300000000

!!!!!!!! Propagation velocity = 248.484848 cm/s !!!!!!!!!!

=============================================================



[!] Propagation velocity! Id = 242
t1 = 16.3500000000
dvdt[237] = 0.8665280401

t2 = 21.3500000000
dvdt[242] = 1.4840273765
delta_x = 0.0820000000
delta_t = 5.0000000000

!!!!!!!! Propagation velocity = 16.400000 cm/s !!!!!!!!!!

=============================================================

