

[!] Propagation velocity! Id = 14
t1 = 1.4600000000
dvdt[4] = 1.5943883174

t2 = 1.9900000000
dvdt[14] = 1.4579628967
delta_x = 0.1640000000
delta_t = 0.5300000000

!!!!!!!! Propagation velocity = 309.433962 cm/s !!!!!!!!!!

=============================================================



[!] Propagation velocity! Id = 30
t1 = 2.3700000000
dvdt[20] = 1.4099295162

t2 = 3.4000000000
dvdt[30] = 1.0454954171
delta_x = 0.1640000000
delta_t = 1.0300000000

!!!!!!!! Propagation velocity = 159.223301 cm/s !!!!!!!!!!

=============================================================



[!] Propagation velocity! Id = 43
t1 = 3.5500000000
dvdt[33] = 1.3326791977

t2 = 4.1300000000
dvdt[43] = 1.4390597652
delta_x = 0.1640007221
delta_t = 0.5800000000

!!!!!!!! Propagation velocity = 282.759866 cm/s !!!!!!!!!!

=============================================================



[!] Propagation velocity! Id = 72
t1 = 3.5000000000
dvdt[62] = 1.2636591166

t2 = 4.0700000000
dvdt[72] = 1.4432782850
delta_x = 0.1639998561
delta_t = 0.5700000000

!!!!!!!! Propagation velocity = 287.719046 cm/s !!!!!!!!!!

=============================================================



[!] Propagation velocity! Id = 60
t1 = 4.6000000000
dvdt[50] = 1.3139536741

t2 = 27.1600000000
dvdt[60] = 0.4932459566
delta_x = 0.1639998561
delta_t = 22.5600000000

!!!!!!!! Propagation velocity = 7.269497 cm/s !!!!!!!!!!

=============================================================



[!] Propagation velocity! Id = 90
t1 = 4.6000000000
dvdt[80] = 1.3139536741

t2 = 27.1600000000
dvdt[90] = 0.4932459566
delta_x = 0.1639998561
delta_t = 22.5600000000

!!!!!!!! Propagation velocity = 7.269497 cm/s !!!!!!!!!!

=============================================================

