

[!] Propagation velocity! Id = 14
t1 = 1.4500000000
dvdt[4] = 3.8194905607

t2 = 1.8200000000
dvdt[14] = 3.6276817583
delta_x = 0.1640000000
delta_t = 0.3700000000

!!!!!!!! Propagation velocity = 443.243243 cm/s !!!!!!!!!!

=============================================================



[!] Propagation velocity! Id = 29
t1 = 2.0200000000
dvdt[19] = 3.5495226309

t2 = 2.5000000000
dvdt[29] = 2.1839095888
delta_x = 0.1640000000
delta_t = 0.4800000000

!!!!!!!! Propagation velocity = 341.666667 cm/s !!!!!!!!!!

=============================================================



[!] Propagation velocity! Id = 43
t1 = 2.7900000000
dvdt[33] = 3.1464367695

t2 = 3.2100000000
dvdt[43] = 3.4918641386
delta_x = 0.1640007221
delta_t = 0.4200000000

!!!!!!!! Propagation velocity = 390.477910 cm/s !!!!!!!!!!

=============================================================



[!] Propagation velocity! Id = 58
t1 = 3.4200000000
dvdt[48] = 3.4649262471

t2 = 13.8700000000
dvdt[58] = 2.5833328670
delta_x = 0.1639998561
delta_t = 10.4500000000

!!!!!!!! Propagation velocity = 15.693766 cm/s !!!!!!!!!!

=============================================================



[!] Propagation velocity! Id = 72
t1 = 2.7500000000
dvdt[62] = 2.8834948188

t2 = 3.1600000000
dvdt[72] = 3.4984235063
delta_x = 0.1639998561
delta_t = 0.4100000000

!!!!!!!! Propagation velocity = 399.999649 cm/s !!!!!!!!!!

=============================================================



[!] Propagation velocity! Id = 87
t1 = 3.3800000000
dvdt[77] = 3.4746585146

t2 = 13.8900000000
dvdt[87] = 2.1421901877
delta_x = 0.1639998561
delta_t = 10.5100000000

!!!!!!!! Propagation velocity = 15.604173 cm/s !!!!!!!!!!

=============================================================

