

[!] Propagation velocity! Id = 50
t1 = 3.3900000000
dvdt[40] = 1.4438211792

t2 = 3.7700000000
dvdt[50] = 1.4484624045
delta_x = 0.1000000000
delta_t = 0.3800000000

!!!!!!!! Propagation velocity = 263.157895 cm/s !!!!!!!!!!

=============================================================



[!] Propagation velocity! Id = 100
t1 = 5.3000000000
dvdt[90] = 1.4540447122

t2 = 5.6800000000
dvdt[100] = 1.4551712889
delta_x = 0.1000000000
delta_t = 0.3800000000

!!!!!!!! Propagation velocity = 263.157895 cm/s !!!!!!!!!!

=============================================================



[!] Propagation velocity! Id = 150
t1 = 7.2200000000
dvdt[140] = 1.4584161748

t2 = 7.6100000000
dvdt[150] = 1.4593494663
delta_x = 0.1000000000
delta_t = 0.3900000000

!!!!!!!! Propagation velocity = 256.410256 cm/s !!!!!!!!!!

=============================================================



[!] Propagation velocity! Id = 200
t1 = 9.2100000000
dvdt[190] = 0.9848022922

t2 = 9.6900000000
dvdt[200] = 0.0282406618
delta_x = 0.1000000000
delta_t = 0.4800000000

!!!!!!!! Propagation velocity = 208.333333 cm/s !!!!!!!!!!

=============================================================

