

[!] Propagation velocity! Id = 14
t1 = 1.3300000000
dvdt[4] = 3.8288233394

t2 = 1.6800000000
dvdt[14] = 3.6542707695
delta_x = 0.1640000000
delta_t = 0.3500000000

!!!!!!!! Propagation velocity = 468.571429 cm/s !!!!!!!!!!

=============================================================



[!] Propagation velocity! Id = 29
t1 = 1.8800000000
dvdt[19] = 3.5758601891

t2 = 2.3500000000
dvdt[29] = 2.2410408029
delta_x = 0.1640000000
delta_t = 0.4700000000

!!!!!!!! Propagation velocity = 348.936170 cm/s !!!!!!!!!!

=============================================================



[!] Propagation velocity! Id = 43
t1 = 2.6200000000
dvdt[33] = 3.1745592221

t2 = 3.0300000000
dvdt[43] = 3.5303139134
delta_x = 0.1640007221
delta_t = 0.4100000000

!!!!!!!! Propagation velocity = 400.001761 cm/s !!!!!!!!!!

=============================================================



[!] Propagation velocity! Id = 58
t1 = 3.2400000000
dvdt[48] = 3.4982503844

t2 = 3.6200000000
dvdt[58] = 1.0451355445
delta_x = 0.1639998561
delta_t = 0.3800000000

!!!!!!!! Propagation velocity = 431.578569 cm/s !!!!!!!!!!

=============================================================



[!] Propagation velocity! Id = 72
t1 = 2.5800000000
dvdt[62] = 2.9142876295

t2 = 2.9900000000
dvdt[72] = 3.5326847441
delta_x = 0.1639998561
delta_t = 0.4100000000

!!!!!!!! Propagation velocity = 399.999649 cm/s !!!!!!!!!!

=============================================================



[!] Propagation velocity! Id = 87
t1 = 3.2000000000
dvdt[77] = 3.5110447848

t2 = 3.6600000000
dvdt[87] = 1.6642702277
delta_x = 0.1639998561
delta_t = 0.4600000000

!!!!!!!! Propagation velocity = 356.521426 cm/s !!!!!!!!!!

=============================================================

