

[!] Propagation velocity! Id = 59
t1 = 3.6500000000
dvdt[54] = 3.4997103351

t2 = 3.8900000000
dvdt[59] = 3.4985894216
delta_x = 0.0820000000
delta_t = 0.2400000000

!!!!!!!! Propagation velocity = 341.666667 cm/s !!!!!!!!!!

=============================================================



[!] Propagation velocity! Id = 119
t1 = 6.5600000000
dvdt[114] = 3.4925005204

t2 = 6.8000000000
dvdt[119] = 3.4957022430
delta_x = 0.0820000000
delta_t = 0.2400000000

!!!!!!!! Propagation velocity = 341.666667 cm/s !!!!!!!!!!

=============================================================



[!] Propagation velocity! Id = 178
t1 = 9.4200000000
dvdt[173] = 3.4943318662

t2 = 9.6600000000
dvdt[178] = 3.4921540267
delta_x = 0.0820000000
delta_t = 0.2400000000

!!!!!!!! Propagation velocity = 341.666667 cm/s !!!!!!!!!!

=============================================================



[!] Propagation velocity! Id = 242
t1 = 12.5500000000
dvdt[237] = 2.9588003070

t2 = 13.8800000000
dvdt[242] = 4.7676990226
delta_x = 0.0820000000
delta_t = 1.3300000000

!!!!!!!! Propagation velocity = 61.654135 cm/s !!!!!!!!!!

=============================================================

