

[!] Propagation velocity! Id = 250
t1 = 10.9300000000
dvdt[240] = 1.4452776719

t2 = 11.3100000000
dvdt[250] = 1.4451056495
delta_x = 0.1000000000
delta_t = 0.3800000000

!!!!!!!! Propagation velocity = 263.157895 cm/s !!!!!!!!!!

=============================================================



[!] Propagation velocity! Id = 500
t1 = 20.4600000000
dvdt[490] = 1.4431352387

t2 = 20.8400000000
dvdt[500] = 1.4429949372
delta_x = 0.1000000000
delta_t = 0.3800000000

!!!!!!!! Propagation velocity = 263.157895 cm/s !!!!!!!!!!

=============================================================



[!] Propagation velocity! Id = 750
t1 = 29.9500000000
dvdt[740] = 1.4340462528

t2 = 30.3300000000
dvdt[750] = 1.4333706470
delta_x = 0.1000000000
delta_t = 0.3800000000

!!!!!!!! Propagation velocity = 263.157895 cm/s !!!!!!!!!!

=============================================================



[!] Propagation velocity! Id = 1000
t1 = 39.4700000000
dvdt[990] = 0.9791599099

t2 = 84.0100000000
dvdt[1000] = 0.3124939199
delta_x = 0.1000000000
delta_t = 44.5400000000

!!!!!!!! Propagation velocity = 2.245173 cm/s !!!!!!!!!!

=============================================================

