

[!] Propagation velocity! Id = 50
t1 = 3.4100000000
dvdt[40] = 1.4456549215

t2 = 3.7900000000
dvdt[50] = 1.4500214274
delta_x = 0.1000000000
delta_t = 0.3800000000

!!!!!!!! Propagation velocity = 263.157895 cm/s !!!!!!!!!!

=============================================================



[!] Propagation velocity! Id = 100
t1 = 5.3400000000
dvdt[90] = 1.3030037159

t2 = 6.1100000000
dvdt[100] = 1.0598011666
delta_x = 0.1000000000
delta_t = 0.7700000000

!!!!!!!! Propagation velocity = 129.870130 cm/s !!!!!!!!!!

=============================================================



[!] Propagation velocity! Id = 150
t1 = 7.5500000000
dvdt[140] = 1.4593008804

t2 = 7.9400000000
dvdt[150] = 1.4602083371
delta_x = 0.1000003981
delta_t = 0.3900000000

!!!!!!!! Propagation velocity = 256.411277 cm/s !!!!!!!!!!

=============================================================



[!] Propagation velocity! Id = 250
t1 = 7.5900000000
dvdt[240] = 1.4594945909

t2 = 7.9800000000
dvdt[250] = 1.4601872458
delta_x = 0.1000003981
delta_t = 0.3900000000

!!!!!!!! Propagation velocity = 256.411277 cm/s !!!!!!!!!!

=============================================================



[!] Propagation velocity! Id = 199
t1 = 9.5000000000
dvdt[189] = 0.9848812978

t2 = 9.9800000000
dvdt[199] = 0.0282452689
delta_x = 0.0999995320
delta_t = 0.4800000000

!!!!!!!! Propagation velocity = 208.332358 cm/s !!!!!!!!!!

=============================================================



[!] Propagation velocity! Id = 298
t1 = 9.5000000000
dvdt[288] = 0.9848812978

t2 = 9.9800000000
dvdt[298] = 0.0282452689
delta_x = 0.0999995320
delta_t = 0.4800000000

!!!!!!!! Propagation velocity = 208.332358 cm/s !!!!!!!!!!

=============================================================

