

[!] Propagation velocity! Id = 59
t1 = 4.1200000000
dvdt[49] = 1.4481038458

t2 = 4.7400000000
dvdt[59] = 1.4480969599
delta_x = 0.1640000000
delta_t = 0.6200000000

!!!!!!!! Propagation velocity = 264.516129 cm/s !!!!!!!!!!

=============================================================



[!] Propagation velocity! Id = 119
t1 = 7.8800000000
dvdt[109] = 1.4485658759

t2 = 8.5000000000
dvdt[119] = 1.4489319927
delta_x = 0.1640000000
delta_t = 0.6200000000

!!!!!!!! Propagation velocity = 264.516129 cm/s !!!!!!!!!!

=============================================================



[!] Propagation velocity! Id = 178
t1 = 11.5800000000
dvdt[168] = 1.4518006065

t2 = 12.2100000000
dvdt[178] = 1.4528314121
delta_x = 0.1640000000
delta_t = 0.6300000000

!!!!!!!! Propagation velocity = 260.317460 cm/s !!!!!!!!!!

=============================================================



[!] Propagation velocity! Id = 242
t1 = 15.6600000000
dvdt[232] = 1.3169423766

t2 = 36.1600000000
dvdt[242] = 0.6154264748
delta_x = 0.1640000000
delta_t = 20.5000000000

!!!!!!!! Propagation velocity = 8.000000 cm/s !!!!!!!!!!

=============================================================

