

[!] Propagation velocity! Id = 14
t1 = 1.4700000000
dvdt[4] = 3.8200862435

t2 = 1.8400000000
dvdt[14] = 3.6246928350
delta_x = 0.1640000000
delta_t = 0.3700000000

!!!!!!!! Propagation velocity = 443.243243 cm/s !!!!!!!!!!

=============================================================



[!] Propagation velocity! Id = 29
t1 = 2.0400000000
dvdt[19] = 3.5436126345

t2 = 2.5200000000
dvdt[29] = 2.1739242145
delta_x = 0.1640000000
delta_t = 0.4800000000

!!!!!!!! Propagation velocity = 341.666667 cm/s !!!!!!!!!!

=============================================================



[!] Propagation velocity! Id = 43
t1 = 2.8100000000
dvdt[33] = 3.1420544551

t2 = 3.2300000000
dvdt[43] = 3.4955483357
delta_x = 0.1640007221
delta_t = 0.4200000000

!!!!!!!! Propagation velocity = 390.477910 cm/s !!!!!!!!!!

=============================================================



[!] Propagation velocity! Id = 58
t1 = 3.4500000000
dvdt[48] = 3.4589305434

t2 = 5.5500000000
dvdt[58] = 2.7415972618
delta_x = 0.1639998561
delta_t = 2.1000000000

!!!!!!!! Propagation velocity = 78.095170 cm/s !!!!!!!!!!

=============================================================



[!] Propagation velocity! Id = 72
t1 = 2.7700000000
dvdt[62] = 2.8785145259

t2 = 3.1900000000
dvdt[72] = 3.4966965513
delta_x = 0.1639998561
delta_t = 0.4200000000

!!!!!!!! Propagation velocity = 390.475848 cm/s !!!!!!!!!!

=============================================================



[!] Propagation velocity! Id = 87
t1 = 3.4000000000
dvdt[77] = 3.4709262161

t2 = 5.5600000000
dvdt[87] = 2.2392186798
delta_x = 0.1639998561
delta_t = 2.1600000000

!!!!!!!! Propagation velocity = 75.925859 cm/s !!!!!!!!!!

=============================================================

