

[!] Propagation velocity! Id = 59
t1 = 3.6800000000
dvdt[54] = 3.5004597250

t2 = 3.9300000000
dvdt[59] = 3.5000850514
delta_x = 0.0820000000
delta_t = 0.2500000000

!!!!!!!! Propagation velocity = 328.000000 cm/s !!!!!!!!!!

=============================================================



[!] Propagation velocity! Id = 119
t1 = 6.6500000000
dvdt[114] = 3.4924989766

t2 = 6.9000000000
dvdt[119] = 3.4948761536
delta_x = 0.0820000000
delta_t = 0.2500000000

!!!!!!!! Propagation velocity = 328.000000 cm/s !!!!!!!!!!

=============================================================



[!] Propagation velocity! Id = 178
t1 = 9.5800000000
dvdt[173] = 3.4941673622

t2 = 9.8300000000
dvdt[178] = 3.4958774025
delta_x = 0.0820000000
delta_t = 0.2500000000

!!!!!!!! Propagation velocity = 328.000000 cm/s !!!!!!!!!!

=============================================================



[!] Propagation velocity! Id = 242
t1 = 12.7800000000
dvdt[237] = 2.9798589900

t2 = 14.3500000000
dvdt[242] = 4.7188296784
delta_x = 0.0820000000
delta_t = 1.5700000000

!!!!!!!! Propagation velocity = 52.229299 cm/s !!!!!!!!!!

=============================================================

