

[!] Propagation velocity! Id = 50
t1 = 3.3500000000
dvdt[40] = 1.4394761628

t2 = 3.7300000000
dvdt[50] = 1.4442581417
delta_x = 0.1000000000
delta_t = 0.3800000000

!!!!!!!! Propagation velocity = 263.157895 cm/s !!!!!!!!!!

=============================================================



[!] Propagation velocity! Id = 100
t1 = 5.2500000000
dvdt[90] = 1.4503326371

t2 = 5.6300000000
dvdt[100] = 1.4509999934
delta_x = 0.1000000000
delta_t = 0.3800000000

!!!!!!!! Propagation velocity = 263.157895 cm/s !!!!!!!!!!

=============================================================



[!] Propagation velocity! Id = 150
t1 = 7.1700000000
dvdt[140] = 1.4550149106

t2 = 7.5600000000
dvdt[150] = 1.4560424225
delta_x = 0.1000000000
delta_t = 0.3900000000

!!!!!!!! Propagation velocity = 256.410256 cm/s !!!!!!!!!!

=============================================================



[!] Propagation velocity! Id = 200
t1 = 9.1600000000
dvdt[190] = 0.9892704912

t2 = 23.3500000000
dvdt[200] = 0.8678514362
delta_x = 0.1000000000
delta_t = 14.1900000000

!!!!!!!! Propagation velocity = 7.047216 cm/s !!!!!!!!!!

=============================================================

