

[!] Propagation velocity! Id = 59
t1 = 4.6800000000
dvdt[54] = 3.5292394417

t2 = 5.0500000000
dvdt[59] = 3.5336379642
delta_x = 0.0820000000
delta_t = 0.3700000000

!!!!!!!! Propagation velocity = 221.621622 cm/s !!!!!!!!!!

=============================================================



[!] Propagation velocity! Id = 119
t1 = 9.1300000000
dvdt[114] = 3.5358877716

t2 = 9.5000000000
dvdt[119] = 3.5335398041
delta_x = 0.0820000000
delta_t = 0.3700000000

!!!!!!!! Propagation velocity = 221.621622 cm/s !!!!!!!!!!

=============================================================



[!] Propagation velocity! Id = 178
t1 = 13.5100000000
dvdt[173] = 3.5407060732

t2 = 13.8800000000
dvdt[178] = 3.5418014947
delta_x = 0.0820000000
delta_t = 0.3700000000

!!!!!!!! Propagation velocity = 221.621622 cm/s !!!!!!!!!!

=============================================================



[!] Propagation velocity! Id = 242
t1 = 18.2300000000
dvdt[237] = 3.3914884813

t2 = 18.6100000000
dvdt[242] = 0.0227943631
delta_x = 0.0820000000
delta_t = 0.3800000000

!!!!!!!! Propagation velocity = 215.789474 cm/s !!!!!!!!!!

=============================================================

