

[!] Propagation velocity! Id = 30
t1 = 2.3000000000
dvdt[25] = 3.5256325561

t2 = 2.5900000000
dvdt[30] = 3.5153762369
delta_x = 0.0820000000
delta_t = 0.2900000000

!!!!!!!! Propagation velocity = 282.758621 cm/s !!!!!!!!!!

=============================================================



[!] Propagation velocity! Id = 60
t1 = 4.1400000000
dvdt[55] = 3.5088202249

t2 = 4.4500000000
dvdt[60] = 3.5168811454
delta_x = 0.0819999280
delta_t = 0.3100000000

!!!!!!!! Propagation velocity = 264.515897 cm/s !!!!!!!!!!

=============================================================



[!] Propagation velocity! Id = 180
t1 = 4.1400000000
dvdt[175] = 3.5088202249

t2 = 4.4500000000
dvdt[180] = 3.5168811454
delta_x = 0.0819999280
delta_t = 0.3100000000

!!!!!!!! Propagation velocity = 264.515897 cm/s !!!!!!!!!!

=============================================================



[!] Propagation velocity! Id = 100
t1 = 6.7600000000
dvdt[95] = 3.5254233208

t2 = 7.1100000000
dvdt[100] = 3.5241473064
delta_x = 0.0820000000
delta_t = 0.3500000000

!!!!!!!! Propagation velocity = 234.285714 cm/s !!!!!!!!!!

=============================================================



[!] Propagation velocity! Id = 140
t1 = 6.7600000000
dvdt[135] = 3.5254233208

t2 = 7.1100000000
dvdt[140] = 3.5241473064
delta_x = 0.0819999280
delta_t = 0.3500000000

!!!!!!!! Propagation velocity = 234.285509 cm/s !!!!!!!!!!

=============================================================



[!] Propagation velocity! Id = 220
t1 = 6.7600000000
dvdt[215] = 3.5254233208

t2 = 7.1100000000
dvdt[220] = 3.5241473064
delta_x = 0.0819999280
delta_t = 0.3500000000

!!!!!!!! Propagation velocity = 234.285509 cm/s !!!!!!!!!!

=============================================================



[!] Propagation velocity! Id = 260
t1 = 6.7600000000
dvdt[255] = 3.5254233208

t2 = 7.1100000000
dvdt[260] = 3.5241473064
delta_x = 0.0820000000
delta_t = 0.3500000000

!!!!!!!! Propagation velocity = 234.285714 cm/s !!!!!!!!!!

=============================================================



[!] Propagation velocity! Id = 120
t1 = 8.1500000000
dvdt[115] = 3.6816717248

t2 = 8.3800000000
dvdt[120] = 6.4761809037
delta_x = 0.0820000000
delta_t = 0.2300000000

!!!!!!!! Propagation velocity = 356.521739 cm/s !!!!!!!!!!

=============================================================



[!] Propagation velocity! Id = 160
t1 = 8.1500000000
dvdt[155] = 3.6816717248

t2 = 8.3800000000
dvdt[160] = 6.4761809037
delta_x = 0.0819999280
delta_t = 0.2300000000

!!!!!!!! Propagation velocity = 356.521426 cm/s !!!!!!!!!!

=============================================================



[!] Propagation velocity! Id = 240
t1 = 8.1500000000
dvdt[235] = 3.6816717248

t2 = 8.3800000000
dvdt[240] = 6.4761809037
delta_x = 0.0819999280
delta_t = 0.2300000000

!!!!!!!! Propagation velocity = 356.521426 cm/s !!!!!!!!!!

=============================================================



[!] Propagation velocity! Id = 280
t1 = 8.1500000000
dvdt[275] = 3.6816717248

t2 = 8.3800000000
dvdt[280] = 6.4761809037
delta_x = 0.0820000000
delta_t = 0.2300000000

!!!!!!!! Propagation velocity = 356.521739 cm/s !!!!!!!!!!

=============================================================

