

[!] Propagation velocity! Id = 148
t1 = 9.2500000000
dvdt[138] = 3.5158233318

t2 = 9.8600000000
dvdt[148] = 3.5162158011
delta_x = 0.1640000000
delta_t = 0.6100000000

!!!!!!!! Propagation velocity = 268.852459 cm/s !!!!!!!!!!

=============================================================



[!] Propagation velocity! Id = 297
t1 = 18.3900000000
dvdt[287] = 3.5099648494

t2 = 19.0000000000
dvdt[297] = 3.5169204449
delta_x = 0.1640000000
delta_t = 0.6100000000

!!!!!!!! Propagation velocity = 268.852459 cm/s !!!!!!!!!!

=============================================================



[!] Propagation velocity! Id = 445
t1 = 27.4600000000
dvdt[435] = 3.5165161157

t2 = 28.0700000000
dvdt[445] = 3.5187936450
delta_x = 0.1640000000
delta_t = 0.6100000000

!!!!!!!! Propagation velocity = 268.852459 cm/s !!!!!!!!!!

=============================================================



[!] Propagation velocity! Id = 608
t1 = 37.4400000000
dvdt[598] = 3.4974696162

t2 = 60.9800000000
dvdt[608] = 2.2579388470
delta_x = 0.1640000000
delta_t = 23.5400000000

!!!!!!!! Propagation velocity = 6.966865 cm/s !!!!!!!!!!

=============================================================

