

[!] Propagation velocity! Id = 148
t1 = 9.2500000000
dvdt[138] = 3.5158250681

t2 = 9.8600000000
dvdt[148] = 3.5162095952
delta_x = 0.1640000000
delta_t = 0.6100000000

!!!!!!!! Propagation velocity = 268.852459 cm/s !!!!!!!!!!

=============================================================



[!] Propagation velocity! Id = 297
t1 = 18.3900000000
dvdt[287] = 3.5101680646

t2 = 19.0000000000
dvdt[297] = 3.5168996975
delta_x = 0.1640000000
delta_t = 0.6100000000

!!!!!!!! Propagation velocity = 268.852459 cm/s !!!!!!!!!!

=============================================================



[!] Propagation velocity! Id = 445
t1 = 27.4600000000
dvdt[435] = 3.5179207089

t2 = 28.0700000000
dvdt[445] = 3.5151412826
delta_x = 0.1640000000
delta_t = 0.6100000000

!!!!!!!! Propagation velocity = 268.852459 cm/s !!!!!!!!!!

=============================================================



[!] Propagation velocity! Id = 608
t1 = 37.4500000000
dvdt[598] = 3.5009472425

t2 = 46.0300000000
dvdt[608] = 3.6504420282
delta_x = 0.1640000000
delta_t = 8.5800000000

!!!!!!!! Propagation velocity = 19.114219 cm/s !!!!!!!!!!

=============================================================

