

[!] Propagation velocity! Id = 250
t1 = 10.9300000000
dvdt[240] = 1.4452685181

t2 = 11.3100000000
dvdt[250] = 1.4450993182
delta_x = 0.1000000000
delta_t = 0.3800000000

!!!!!!!! Propagation velocity = 263.157895 cm/s !!!!!!!!!!

=============================================================



[!] Propagation velocity! Id = 500
t1 = 20.4600000000
dvdt[490] = 1.4430072853

t2 = 20.8400000000
dvdt[500] = 1.4428666480
delta_x = 0.1000000000
delta_t = 0.3800000000

!!!!!!!! Propagation velocity = 263.157895 cm/s !!!!!!!!!!

=============================================================



[!] Propagation velocity! Id = 750
t1 = 29.9500000000
dvdt[740] = 1.4335037744

t2 = 30.3300000000
dvdt[750] = 1.4327112111
delta_x = 0.1000000000
delta_t = 0.3800000000

!!!!!!!! Propagation velocity = 263.157895 cm/s !!!!!!!!!!

=============================================================



[!] Propagation velocity! Id = 1000
t1 = 39.4700000000
dvdt[990] = 0.9710860642

t2 = 39.9500000000
dvdt[1000] = 0.0140589259
delta_x = 0.1000000000
delta_t = 0.4800000000

!!!!!!!! Propagation velocity = 208.333333 cm/s !!!!!!!!!!

=============================================================

