

[!] Propagation velocity! Id = 12
t1 = 1.2400000000
dvdt[2] = 1.7158614017

t2 = 1.8200000000
dvdt[12] = 1.4661062330
delta_x = 0.2000000000
delta_t = 0.5800000000

!!!!!!!! Propagation velocity = 344.827586 cm/s !!!!!!!!!!

=============================================================



[!] Propagation velocity! Id = 25
t1 = 2.0500000000
dvdt[15] = 1.4413444007

t2 = 3.2200000000
dvdt[25] = 1.0367482307
delta_x = 0.2000000000
delta_t = 1.1700000000

!!!!!!!! Propagation velocity = 170.940171 cm/s !!!!!!!!!!

=============================================================



[!] Propagation velocity! Id = 37
t1 = 3.3500000000
dvdt[27] = 1.2934877599

t2 = 4.0700000000
dvdt[37] = 1.4221313900
delta_x = 0.1999999301
delta_t = 0.7200000000

!!!!!!!! Propagation velocity = 277.777681 cm/s !!!!!!!!!!

=============================================================



[!] Propagation velocity! Id = 62
t1 = 3.4100000000
dvdt[52] = 1.3643164814

t2 = 4.1500000000
dvdt[62] = 1.4064871343
delta_x = 0.1999999301
delta_t = 0.7400000000

!!!!!!!! Propagation velocity = 270.270176 cm/s !!!!!!!!!!

=============================================================



[!] Propagation velocity! Id = 49
t1 = 4.2300000000
dvdt[39] = 1.3838205562

t2 = 19.4300000000
dvdt[49] = 0.8152338230
delta_x = 0.1999999301
delta_t = 15.2000000000

!!!!!!!! Propagation velocity = 13.157890 cm/s !!!!!!!!!!

=============================================================



[!] Propagation velocity! Id = 73
t1 = 4.2300000000
dvdt[63] = 1.3838205562

t2 = 19.4300000000
dvdt[73] = 0.8152338230
delta_x = 0.1999999301
delta_t = 15.2000000000

!!!!!!!! Propagation velocity = 13.157890 cm/s !!!!!!!!!!

=============================================================

