

[!] Propagation velocity! Id = 59
t1 = 4.0600000000
dvdt[49] = 1.4330277581

t2 = 4.6900000000
dvdt[59] = 1.4326757222
delta_x = 0.1640000000
delta_t = 0.6300000000

!!!!!!!! Propagation velocity = 260.317460 cm/s !!!!!!!!!!

=============================================================



[!] Propagation velocity! Id = 119
t1 = 7.7900000000
dvdt[109] = 1.4294906773

t2 = 8.4100000000
dvdt[119] = 1.4288082444
delta_x = 0.1640000000
delta_t = 0.6200000000

!!!!!!!! Propagation velocity = 264.516129 cm/s !!!!!!!!!!

=============================================================



[!] Propagation velocity! Id = 178
t1 = 11.4500000000
dvdt[168] = 1.4280726442

t2 = 12.0700000000
dvdt[178] = 1.4291745684
delta_x = 0.1640000000
delta_t = 0.6200000000

!!!!!!!! Propagation velocity = 264.516129 cm/s !!!!!!!!!!

=============================================================



[!] Propagation velocity! Id = 242
t1 = 15.4700000000
dvdt[232] = 1.2996691455

t2 = 16.2200000000
dvdt[242] = 0.0229646195
delta_x = 0.1640000000
delta_t = 0.7500000000

!!!!!!!! Propagation velocity = 218.666667 cm/s !!!!!!!!!!

=============================================================

