

[!] Propagation velocity! Id = 59
t1 = 4.4700000000
dvdt[54] = 3.5389886904

t2 = 4.8200000000
dvdt[59] = 3.5387120887
delta_x = 0.0820000000
delta_t = 0.3500000000

!!!!!!!! Propagation velocity = 234.285714 cm/s !!!!!!!!!!

=============================================================



[!] Propagation velocity! Id = 119
t1 = 8.6700000000
dvdt[114] = 3.5388643243

t2 = 9.0200000000
dvdt[119] = 3.5420079840
delta_x = 0.0820000000
delta_t = 0.3500000000

!!!!!!!! Propagation velocity = 234.285714 cm/s !!!!!!!!!!

=============================================================



[!] Propagation velocity! Id = 178
t1 = 12.7700000000
dvdt[173] = 3.5606277182

t2 = 13.1200000000
dvdt[178] = 3.5648880280
delta_x = 0.0820000000
delta_t = 0.3500000000

!!!!!!!! Propagation velocity = 234.285714 cm/s !!!!!!!!!!

=============================================================



[!] Propagation velocity! Id = 242
t1 = 17.1300000000
dvdt[237] = 3.3969320629

t2 = 17.5300000000
dvdt[242] = 0.0637781693
delta_x = 0.0820000000
delta_t = 0.4000000000

!!!!!!!! Propagation velocity = 205.000000 cm/s !!!!!!!!!!

=============================================================

