

[!] Propagation velocity! Id = 36
t1 = 0.5900000000
dvdt[26] = 0.0688679814

t2 = 1.2100000000
dvdt[36] = 0.0496458434
delta_x = 0.0680000000
delta_t = 0.6200000000

!!!!!!!! Propagation velocity = 109.677419 cm/s !!!!!!!!!!

=============================================================



[!] Propagation velocity! Id = 73
t1 = 3.1700000000
dvdt[63] = 0.0288462034

t2 = 3.2800000000
dvdt[73] = 0.0232793103
delta_x = 0.0680000000
delta_t = 0.1100000000

!!!!!!!! Propagation velocity = 618.181818 cm/s !!!!!!!!!!

=============================================================



[!] Propagation velocity! Id = 109
t1 = 3.6900000000
dvdt[99] = 0.0113547640

t2 = 3.8700000000
dvdt[109] = 0.0076090088
delta_x = 0.0680000000
delta_t = 0.1800000000

!!!!!!!! Propagation velocity = 377.777778 cm/s !!!!!!!!!!

=============================================================



[!] Propagation velocity! Id = 146
t1 = 240.6900000000
dvdt[136] = 0.0000328764

t2 = 241.1200000000
dvdt[146] = 0.0000348515
delta_x = 0.0680000000
delta_t = 0.4300000000

!!!!!!!! Propagation velocity = 158.139535 cm/s !!!!!!!!!!

=============================================================

