

[!] Propagation velocity! Id = 59
t1 = 3.5900000000
dvdt[54] = 3.4964900070

t2 = 3.8200000000
dvdt[59] = 3.4939020028
delta_x = 0.0820000000
delta_t = 0.2300000000

!!!!!!!! Propagation velocity = 356.521739 cm/s !!!!!!!!!!

=============================================================



[!] Propagation velocity! Id = 119
t1 = 6.3700000000
dvdt[114] = 3.4859136765

t2 = 6.6000000000
dvdt[119] = 3.4896326888
delta_x = 0.0820000000
delta_t = 0.2300000000

!!!!!!!! Propagation velocity = 356.521739 cm/s !!!!!!!!!!

=============================================================



[!] Propagation velocity! Id = 232
t1 = 11.6000000000
dvdt[227] = 3.4956122030

t2 = 11.8300000000
dvdt[232] = 3.5444772517
delta_x = 0.0820000000
delta_t = 0.2300000000

!!!!!!!! Propagation velocity = 356.521739 cm/s !!!!!!!!!!

=============================================================



[!] Propagation velocity! Id = 242
t1 = 12.0500000000
dvdt[237] = 3.9971981109

t2 = 12.1700000000
dvdt[242] = 6.5593355149
delta_x = 0.0820000000
delta_t = 0.1200000000

!!!!!!!! Propagation velocity = 683.333333 cm/s !!!!!!!!!!

=============================================================

