

[!] Propagation velocity! Id = 30
t1 = 2.6600000000
dvdt[25] = 1.4443868705

t2 = 3.0000000000
dvdt[30] = 1.4288222365
delta_x = 0.0820000000
delta_t = 0.3400000000

!!!!!!!! Propagation velocity = 241.176471 cm/s !!!!!!!!!!

=============================================================



[!] Propagation velocity! Id = 60
t1 = 4.8300000000
dvdt[55] = 1.4482913950

t2 = 5.1900000000
dvdt[60] = 1.4487354460
delta_x = 0.0819999280
delta_t = 0.3600000000

!!!!!!!! Propagation velocity = 227.777578 cm/s !!!!!!!!!!

=============================================================



[!] Propagation velocity! Id = 180
t1 = 4.8300000000
dvdt[175] = 1.4482913950

t2 = 5.1900000000
dvdt[180] = 1.4487354460
delta_x = 0.0819999280
delta_t = 0.3600000000

!!!!!!!! Propagation velocity = 227.777578 cm/s !!!!!!!!!!

=============================================================



[!] Propagation velocity! Id = 100
t1 = 7.8500000000
dvdt[95] = 1.4555178488

t2 = 8.2300000000
dvdt[100] = 1.4554629982
delta_x = 0.0820000000
delta_t = 0.3800000000

!!!!!!!! Propagation velocity = 215.789474 cm/s !!!!!!!!!!

=============================================================



[!] Propagation velocity! Id = 140
t1 = 7.8500000000
dvdt[135] = 1.4555178488

t2 = 8.2300000000
dvdt[140] = 1.4554629982
delta_x = 0.0819999280
delta_t = 0.3800000000

!!!!!!!! Propagation velocity = 215.789284 cm/s !!!!!!!!!!

=============================================================



[!] Propagation velocity! Id = 220
t1 = 7.8500000000
dvdt[215] = 1.4555178488

t2 = 8.2300000000
dvdt[220] = 1.4554629982
delta_x = 0.0819999280
delta_t = 0.3800000000

!!!!!!!! Propagation velocity = 215.789284 cm/s !!!!!!!!!!

=============================================================



[!] Propagation velocity! Id = 260
t1 = 7.8500000000
dvdt[255] = 1.4555178488

t2 = 8.2300000000
dvdt[260] = 1.4554629982
delta_x = 0.0820000000
delta_t = 0.3800000000

!!!!!!!! Propagation velocity = 215.789474 cm/s !!!!!!!!!!

=============================================================



[!] Propagation velocity! Id = 120
t1 = 9.4100000000
dvdt[115] = 0.9966876052

t2 = 12.7500000000
dvdt[120] = 1.6850580636
delta_x = 0.0820000000
delta_t = 3.3400000000

!!!!!!!! Propagation velocity = 24.550898 cm/s !!!!!!!!!!

=============================================================



[!] Propagation velocity! Id = 160
t1 = 9.4100000000
dvdt[155] = 0.9966876052

t2 = 12.7500000000
dvdt[160] = 1.6850580636
delta_x = 0.0819999280
delta_t = 3.3400000000

!!!!!!!! Propagation velocity = 24.550877 cm/s !!!!!!!!!!

=============================================================



[!] Propagation velocity! Id = 240
t1 = 9.4100000000
dvdt[235] = 0.9966876052

t2 = 12.7500000000
dvdt[240] = 1.6850580636
delta_x = 0.0819999280
delta_t = 3.3400000000

!!!!!!!! Propagation velocity = 24.550877 cm/s !!!!!!!!!!

=============================================================



[!] Propagation velocity! Id = 280
t1 = 9.4100000000
dvdt[275] = 0.9966876052

t2 = 12.7500000000
dvdt[280] = 1.6850580636
delta_x = 0.0820000000
delta_t = 3.3400000000

!!!!!!!! Propagation velocity = 24.550898 cm/s !!!!!!!!!!

=============================================================

