

[!] Propagation velocity! Id = 59
t1 = 5.0200000000
dvdt[54] = 1.4491200184

t2 = 5.4100000000
dvdt[59] = 1.4489143718
delta_x = 0.0820000000
delta_t = 0.3900000000

!!!!!!!! Propagation velocity = 210.256410 cm/s !!!!!!!!!!

=============================================================



[!] Propagation velocity! Id = 119
t1 = 9.6600000000
dvdt[114] = 1.4491426683

t2 = 10.0500000000
dvdt[119] = 1.4491007186
delta_x = 0.0820000000
delta_t = 0.3900000000

!!!!!!!! Propagation velocity = 210.256410 cm/s !!!!!!!!!!

=============================================================



[!] Propagation velocity! Id = 178
t1 = 14.2300000000
dvdt[173] = 1.4516851119

t2 = 14.6200000000
dvdt[178] = 1.4521337515
delta_x = 0.0820000000
delta_t = 0.3900000000

!!!!!!!! Propagation velocity = 210.256410 cm/s !!!!!!!!!!

=============================================================



[!] Propagation velocity! Id = 242
t1 = 19.2800000000
dvdt[237] = 0.9986630954

t2 = 30.7100000000
dvdt[242] = 1.0126334356
delta_x = 0.0820000000
delta_t = 11.4300000000

!!!!!!!! Propagation velocity = 7.174103 cm/s !!!!!!!!!!

=============================================================

