

[!] Propagation velocity! Id = 25
t1 = 2.5400000000
dvdt[15] = 1.3680459024

t2 = 2.8800000000
dvdt[25] = 1.4085506591
delta_x = 0.1000000000
delta_t = 0.3400000000

!!!!!!!! Propagation velocity = 294.117647 cm/s !!!!!!!!!!

=============================================================



[!] Propagation velocity! Id = 50
t1 = 3.4600000000
dvdt[40] = 1.2914122319

t2 = 4.2100000000
dvdt[50] = 1.0578995664
delta_x = 0.1000000000
delta_t = 0.7500000000

!!!!!!!! Propagation velocity = 133.333333 cm/s !!!!!!!!!!

=============================================================



[!] Propagation velocity! Id = 75
t1 = 4.7100000000
dvdt[65] = 1.4393370491

t2 = 5.0900000000
dvdt[75] = 1.4197121384
delta_x = 0.0999995320
delta_t = 0.3800000000

!!!!!!!! Propagation velocity = 263.156663 cm/s !!!!!!!!!!

=============================================================



[!] Propagation velocity! Id = 125
t1 = 4.7400000000
dvdt[115] = 1.4398244702

t2 = 5.1300000000
dvdt[125] = 1.4136486596
delta_x = 0.1000003981
delta_t = 0.3900000000

!!!!!!!! Propagation velocity = 256.411277 cm/s !!!!!!!!!!

=============================================================



[!] Propagation velocity! Id = 99
t1 = 5.6700000000
dvdt[89] = 1.0476453030

t2 = 8.0100000000
dvdt[99] = 1.7869914440
delta_x = 0.0999995320
delta_t = 2.3400000000

!!!!!!!! Propagation velocity = 42.734843 cm/s !!!!!!!!!!

=============================================================



[!] Propagation velocity! Id = 148
t1 = 5.6700000000
dvdt[138] = 1.0476453030

t2 = 8.0100000000
dvdt[148] = 1.7869914440
delta_x = 0.0999995320
delta_t = 2.3400000000

!!!!!!!! Propagation velocity = 42.734843 cm/s !!!!!!!!!!

=============================================================

