

[!] Propagation velocity! Id = 59
t1 = 5.7800000000
dvdt[54] = 1.4457022216

t2 = 6.2500000000
dvdt[59] = 1.4455540417
delta_x = 0.0820000000
delta_t = 0.4700000000

!!!!!!!! Propagation velocity = 174.468085 cm/s !!!!!!!!!!

=============================================================



[!] Propagation velocity! Id = 119
t1 = 11.4300000000
dvdt[114] = 1.4399925333

t2 = 11.9000000000
dvdt[119] = 1.4392586487
delta_x = 0.0820000000
delta_t = 0.4700000000

!!!!!!!! Propagation velocity = 174.468085 cm/s !!!!!!!!!!

=============================================================



[!] Propagation velocity! Id = 178
t1 = 16.9800000000
dvdt[173] = 1.4320336432

t2 = 17.4500000000
dvdt[178] = 1.4316480207
delta_x = 0.0820000000
delta_t = 0.4700000000

!!!!!!!! Propagation velocity = 174.468085 cm/s !!!!!!!!!!

=============================================================



[!] Propagation velocity! Id = 242
t1 = 23.0600000000
dvdt[237] = 1.1351658658

t2 = 23.9100000000
dvdt[242] = 0.0127149414
delta_x = 0.0820000000
delta_t = 0.8500000000

!!!!!!!! Propagation velocity = 96.470588 cm/s !!!!!!!!!!

=============================================================

