

[!] Propagation velocity! Id = 73
t1 = 8.1600000000
dvdt[63] = 0.9315398882

t2 = 8.3100000000
dvdt[73] = 1.0472916735
delta_x = 0.0680000000
delta_t = 0.1500000000

!!!!!!!! Propagation velocity = 453.333333 cm/s !!!!!!!!!!

=============================================================



[!] Propagation velocity! Id = 147
t1 = 9.8000000000
dvdt[137] = 1.1190062508

t2 = 10.4000000000
dvdt[147] = 1.0284029095
delta_x = 0.0680000000
delta_t = 0.6000000000

!!!!!!!! Propagation velocity = 113.333333 cm/s !!!!!!!!!!

=============================================================



[!] Propagation velocity! Id = 220
t1 = 11.9100000000
dvdt[210] = 1.4231520381

t2 = 12.1600000000
dvdt[220] = 1.4260946930
delta_x = 0.0680002360
delta_t = 0.2500000000

!!!!!!!! Propagation velocity = 272.000944 cm/s !!!!!!!!!!

=============================================================



[!] Propagation velocity! Id = 367
t1 = 11.9100000000
dvdt[357] = 1.4231520382

t2 = 12.1600000000
dvdt[367] = 1.4260946930
delta_x = 0.0680002360
delta_t = 0.2500000000

!!!!!!!! Propagation velocity = 272.000944 cm/s !!!!!!!!!!

=============================================================



[!] Propagation velocity! Id = 294
t1 = 13.8100000000
dvdt[284] = 0.6761110406

t2 = 14.2300000000
dvdt[294] = 0.0190747601
delta_x = 0.0680002360
delta_t = 0.4200000000

!!!!!!!! Propagation velocity = 161.905324 cm/s !!!!!!!!!!

=============================================================



[!] Propagation velocity! Id = 441
t1 = 13.8100000000
dvdt[431] = 0.6761110407

t2 = 14.2300000000
dvdt[441] = 0.0190747601
delta_x = 0.0680002360
delta_t = 0.4200000000

!!!!!!!! Propagation velocity = 161.905324 cm/s !!!!!!!!!!

=============================================================

