

[!] Propagation velocity! Id = 12
t1 = 0.9200000000
dvdt[2] = 4.2954456892

t2 = 1.5500000000
dvdt[12] = 3.6217517378
delta_x = 0.2000000000
delta_t = 0.6300000000

!!!!!!!! Propagation velocity = 317.460317 cm/s !!!!!!!!!!

=============================================================



[!] Propagation velocity! Id = 25
t1 = 1.7700000000
dvdt[15] = 3.5873129502

t2 = 2.5100000000
dvdt[25] = 3.5484929174
delta_x = 0.2000000000
delta_t = 0.7400000000

!!!!!!!! Propagation velocity = 270.270270 cm/s !!!!!!!!!!

=============================================================



[!] Propagation velocity! Id = 37
t1 = 2.6600000000
dvdt[27] = 3.5471417891

t2 = 3.4100000000
dvdt[37] = 3.5419441034
delta_x = 0.2000000000
delta_t = 0.7500000000

!!!!!!!! Propagation velocity = 266.666667 cm/s !!!!!!!!!!

=============================================================



[!] Propagation velocity! Id = 50
t1 = 3.6400000000
dvdt[40] = 3.5341979643

t2 = 12.7500000000
dvdt[50] = 3.6254845627
delta_x = 0.2000000000
delta_t = 9.1100000000

!!!!!!!! Propagation velocity = 21.953897 cm/s !!!!!!!!!!

=============================================================

