

[!] Propagation velocity! Id = 59
t1 = 4.4000000000
dvdt[54] = 1.4473198260

t2 = 4.7100000000
dvdt[59] = 1.4473810487
delta_x = 0.0820000000
delta_t = 0.3100000000

!!!!!!!! Propagation velocity = 264.516129 cm/s !!!!!!!!!!

=============================================================



[!] Propagation velocity! Id = 119
t1 = 8.1200000000
dvdt[114] = 1.4478335400

t2 = 8.4300000000
dvdt[119] = 1.4479181551
delta_x = 0.0820000000
delta_t = 0.3100000000

!!!!!!!! Propagation velocity = 264.516129 cm/s !!!!!!!!!!

=============================================================



[!] Propagation velocity! Id = 178
t1 = 11.7800000000
dvdt[173] = 1.4501238656

t2 = 12.1000000000
dvdt[178] = 1.4506866109
delta_x = 0.0820000000
delta_t = 0.3200000000

!!!!!!!! Propagation velocity = 256.250000 cm/s !!!!!!!!!!

=============================================================



[!] Propagation velocity! Id = 242
t1 = 15.8300000000
dvdt[237] = 0.8706216718

t2 = 18.4900000000
dvdt[242] = 1.7612747973
delta_x = 0.0820000000
delta_t = 2.6600000000

!!!!!!!! Propagation velocity = 30.827068 cm/s !!!!!!!!!!

=============================================================

