

[!] Propagation velocity! Id = 148
t1 = 9.6800000000
dvdt[138] = 1.4467382782

t2 = 10.3100000000
dvdt[148] = 1.4468472006
delta_x = 0.1640000000
delta_t = 0.6300000000

!!!!!!!! Propagation velocity = 260.317460 cm/s !!!!!!!!!!

=============================================================



[!] Propagation velocity! Id = 297
t1 = 19.0000000000
dvdt[287] = 1.4448969341

t2 = 19.6300000000
dvdt[297] = 1.4442686264
delta_x = 0.1640000000
delta_t = 0.6300000000

!!!!!!!! Propagation velocity = 260.317460 cm/s !!!!!!!!!!

=============================================================



[!] Propagation velocity! Id = 445
t1 = 28.2300000000
dvdt[435] = 1.4362851046

t2 = 28.8500000000
dvdt[445] = 1.4354863164
delta_x = 0.1640000000
delta_t = 0.6200000000

!!!!!!!! Propagation velocity = 264.516129 cm/s !!!!!!!!!!

=============================================================



[!] Propagation velocity! Id = 608
t1 = 38.3900000000
dvdt[598] = 1.2997310513

t2 = 39.1400000000
dvdt[608] = 0.0229644987
delta_x = 0.1640000000
delta_t = 0.7500000000

!!!!!!!! Propagation velocity = 218.666667 cm/s !!!!!!!!!!

=============================================================

