

[!] Propagation velocity! Id = 25
t1 = 2.5400000000
dvdt[15] = 1.3743739504

t2 = 2.8700000000
dvdt[25] = 1.4264824604
delta_x = 0.1000000000
delta_t = 0.3300000000

!!!!!!!! Propagation velocity = 303.030303 cm/s !!!!!!!!!!

=============================================================



[!] Propagation velocity! Id = 50
t1 = 3.4200000000
dvdt[40] = 1.4470546171

t2 = 3.7900000000
dvdt[50] = 1.4513690864
delta_x = 0.1000000000
delta_t = 0.3700000000

!!!!!!!! Propagation velocity = 270.270270 cm/s !!!!!!!!!!

=============================================================



[!] Propagation velocity! Id = 75
t1 = 4.3700000000
dvdt[65] = 1.4502385744

t2 = 4.7600000000
dvdt[75] = 1.4279956378
delta_x = 0.1000000000
delta_t = 0.3900000000

!!!!!!!! Propagation velocity = 256.410256 cm/s !!!!!!!!!!

=============================================================



[!] Propagation velocity! Id = 100
t1 = 5.3800000000
dvdt[90] = 1.0161417516

t2 = 9.9700000000
dvdt[100] = 1.5182691227
delta_x = 0.1000000000
delta_t = 4.5900000000

!!!!!!!! Propagation velocity = 21.786492 cm/s !!!!!!!!!!

=============================================================

