

[!] Propagation velocity! Id = 12
t1 = 1.1900000000
dvdt[2] = 3.8624148177

t2 = 1.6000000000
dvdt[12] = 3.6327022782
delta_x = 0.2000000000
delta_t = 0.4100000000

!!!!!!!! Propagation velocity = 487.804878 cm/s !!!!!!!!!!

=============================================================



[!] Propagation velocity! Id = 25
t1 = 1.7600000000
dvdt[15] = 3.5682466583

t2 = 2.4300000000
dvdt[25] = 1.8939347562
delta_x = 0.2000000000
delta_t = 0.6700000000

!!!!!!!! Propagation velocity = 298.507463 cm/s !!!!!!!!!!

=============================================================



[!] Propagation velocity! Id = 37
t1 = 2.5600000000
dvdt[27] = 3.0032698100

t2 = 3.0700000000
dvdt[37] = 3.4998394277
delta_x = 0.1999999301
delta_t = 0.5100000000

!!!!!!!! Propagation velocity = 392.156726 cm/s !!!!!!!!!!

=============================================================



[!] Propagation velocity! Id = 50
t1 = 3.2300000000
dvdt[40] = 3.4588571471

t2 = 2.5100000000
dvdt[50] = 2.5505136487
delta_x = 0.3200007542
delta_t = -0.7200000000

!!!!!!!! Propagation velocity = 0.000000 cm/s !!!!!!!!!!

=============================================================



[!] Propagation velocity! Id = 62
t1 = 2.6100000000
dvdt[52] = 3.2520961785

t2 = 3.1200000000
dvdt[62] = 3.4879186338
delta_x = 0.1999999301
delta_t = 0.5100000000

!!!!!!!! Propagation velocity = 392.156726 cm/s !!!!!!!!!!

=============================================================



[!] Propagation velocity! Id = 75
t1 = 3.2800000000
dvdt[65] = 3.4218769766

t2 = 4.8100000000
dvdt[75] = 4.8263746840
delta_x = 2.1599999441
delta_t = 1.5300000000

!!!!!!!! Propagation velocity = 1411.764669 cm/s !!!!!!!!!!

=============================================================

