

[!] Propagation velocity! Id = 59
t1 = 4.4900000000
dvdt[54] = 1.4477183839

t2 = 4.8100000000
dvdt[59] = 1.4476307213
delta_x = 0.0820000000
delta_t = 0.3200000000

!!!!!!!! Propagation velocity = 256.250000 cm/s !!!!!!!!!!

=============================================================



[!] Propagation velocity! Id = 119
t1 = 8.3500000000
dvdt[114] = 1.4478255180

t2 = 8.6700000000
dvdt[119] = 1.4478711413
delta_x = 0.0820000000
delta_t = 0.3200000000

!!!!!!!! Propagation velocity = 256.250000 cm/s !!!!!!!!!!

=============================================================



[!] Propagation velocity! Id = 178
t1 = 12.1500000000
dvdt[173] = 1.4498623359

t2 = 12.4700000000
dvdt[178] = 1.4502455616
delta_x = 0.0820000000
delta_t = 0.3200000000

!!!!!!!! Propagation velocity = 256.250000 cm/s !!!!!!!!!!

=============================================================



[!] Propagation velocity! Id = 242
t1 = 16.3500000000
dvdt[237] = 0.9420885828

t2 = 18.1100000000
dvdt[242] = 1.8942113712
delta_x = 0.0820000000
delta_t = 1.7600000000

!!!!!!!! Propagation velocity = 46.590909 cm/s !!!!!!!!!!

=============================================================

