

[!] Propagation velocity! Id = 59
t1 = 5.4500000000
dvdt[54] = 1.4437517637

t2 = 5.8900000000
dvdt[59] = 1.4433694090
delta_x = 0.0820000000
delta_t = 0.4400000000

!!!!!!!! Propagation velocity = 186.363636 cm/s !!!!!!!!!!

=============================================================



[!] Propagation velocity! Id = 119
t1 = 10.6800000000
dvdt[114] = 1.4377469777

t2 = 11.1200000000
dvdt[119] = 1.4372461537
delta_x = 0.0820000000
delta_t = 0.4400000000

!!!!!!!! Propagation velocity = 186.363636 cm/s !!!!!!!!!!

=============================================================



[!] Propagation velocity! Id = 178
t1 = 15.8100000000
dvdt[173] = 1.4307693005

t2 = 16.2500000000
dvdt[178] = 1.4305683642
delta_x = 0.0820000000
delta_t = 0.4400000000

!!!!!!!! Propagation velocity = 186.363636 cm/s !!!!!!!!!!

=============================================================



[!] Propagation velocity! Id = 242
t1 = 21.4600000000
dvdt[237] = 1.0777247417

t2 = 22.2200000000
dvdt[242] = 0.0113256653
delta_x = 0.0820000000
delta_t = 0.7600000000

!!!!!!!! Propagation velocity = 107.894737 cm/s !!!!!!!!!!

=============================================================

