

[!] Propagation velocity! Id = 59
t1 = 4.9900000000
dvdt[54] = 1.4401032666

t2 = 5.3700000000
dvdt[59] = 1.4398339225
delta_x = 0.0820000000
delta_t = 0.3800000000

!!!!!!!! Propagation velocity = 215.789474 cm/s !!!!!!!!!!

=============================================================



[!] Propagation velocity! Id = 119
t1 = 9.5900000000
dvdt[114] = 1.4344452226

t2 = 9.9800000000
dvdt[119] = 1.4339774683
delta_x = 0.0820000000
delta_t = 0.3900000000

!!!!!!!! Propagation velocity = 210.256410 cm/s !!!!!!!!!!

=============================================================



[!] Propagation velocity! Id = 178
t1 = 14.1100000000
dvdt[173] = 1.4295594002

t2 = 14.5000000000
dvdt[178] = 1.4298020300
delta_x = 0.0820000000
delta_t = 0.3900000000

!!!!!!!! Propagation velocity = 210.256410 cm/s !!!!!!!!!!

=============================================================



[!] Propagation velocity! Id = 242
t1 = 19.1000000000
dvdt[237] = 0.9813038721

t2 = 19.8500000000
dvdt[242] = 0.0210582953
delta_x = 0.0820000000
delta_t = 0.7500000000

!!!!!!!! Propagation velocity = 109.333333 cm/s !!!!!!!!!!

=============================================================

