

[!] Propagation velocity! Id = 59
t1 = 3.9600000000
dvdt[54] = 3.5114614390

t2 = 4.2500000000
dvdt[59] = 3.5116732360
delta_x = 0.0820000000
delta_t = 0.2900000000

!!!!!!!! Propagation velocity = 282.758621 cm/s !!!!!!!!!!

=============================================================



[!] Propagation velocity! Id = 119
t1 = 7.4400000000
dvdt[114] = 3.5192559987

t2 = 7.7300000000
dvdt[119] = 3.5197679895
delta_x = 0.0820000000
delta_t = 0.2900000000

!!!!!!!! Propagation velocity = 282.758621 cm/s !!!!!!!!!!

=============================================================



[!] Propagation velocity! Id = 178
t1 = 10.8500000000
dvdt[173] = 3.5247304729

t2 = 11.1400000000
dvdt[178] = 3.5257193052
delta_x = 0.0820000000
delta_t = 0.2900000000

!!!!!!!! Propagation velocity = 282.758621 cm/s !!!!!!!!!!

=============================================================



[!] Propagation velocity! Id = 242
t1 = 14.5500000000
dvdt[237] = 3.1578471313

t2 = 14.9100000000
dvdt[242] = 0.0836936937
delta_x = 0.0820000000
delta_t = 0.3600000000

!!!!!!!! Propagation velocity = 227.777778 cm/s !!!!!!!!!!

=============================================================

