

[!] Propagation velocity! Id = 250
t1 = 10.9400000000
dvdt[240] = 1.4455137569

t2 = 11.3200000000
dvdt[250] = 1.4456773031
delta_x = 0.1000000000
delta_t = 0.3800000000

!!!!!!!! Propagation velocity = 263.157895 cm/s !!!!!!!!!!

=============================================================



[!] Propagation velocity! Id = 500
t1 = 20.4900000000
dvdt[490] = 1.2951588811

t2 = 21.2500000000
dvdt[500] = 1.0528589962
delta_x = 0.1000000000
delta_t = 0.7600000000

!!!!!!!! Propagation velocity = 131.578947 cm/s !!!!!!!!!!

=============================================================



[!] Propagation velocity! Id = 750
t1 = 30.3000000000
dvdt[740] = 1.4464880811

t2 = 30.6900000000
dvdt[750] = 1.4464449539
delta_x = 0.1000003981
delta_t = 0.3900000000

!!!!!!!! Propagation velocity = 256.411277 cm/s !!!!!!!!!!

=============================================================



[!] Propagation velocity! Id = 1250
t1 = 30.3000000000
dvdt[1240] = 1.4464880811

t2 = 30.6900000000
dvdt[1250] = 1.4464449539
delta_x = 0.1000003981
delta_t = 0.3900000000

!!!!!!!! Propagation velocity = 256.411277 cm/s !!!!!!!!!!

=============================================================



[!] Propagation velocity! Id = 1000
t1 = 39.9400000000
dvdt[990] = 1.0489312000

t2 = 42.2900000000
dvdt[1000] = 1.7867177916
delta_x = 0.1000003981
delta_t = 2.3500000000

!!!!!!!! Propagation velocity = 42.553361 cm/s !!!!!!!!!!

=============================================================



[!] Propagation velocity! Id = 1500
t1 = 39.9400000000
dvdt[1490] = 1.0489312000

t2 = 42.2900000000
dvdt[1500] = 1.7867177916
delta_x = 0.1000003981
delta_t = 2.3500000000

!!!!!!!! Propagation velocity = 42.553361 cm/s !!!!!!!!!!

=============================================================

