

[!] Propagation velocity! Id = 30
t1 = 2.2600000000
dvdt[25] = 3.5279831900

t2 = 2.5100000000
dvdt[30] = 3.5004893256
delta_x = 0.0820000000
delta_t = 0.2500000000

!!!!!!!! Propagation velocity = 328.000000 cm/s !!!!!!!!!!

=============================================================



[!] Propagation velocity! Id = 60
t1 = 3.8400000000
dvdt[55] = 3.5033187703

t2 = 4.1000000000
dvdt[60] = 3.5013959162
delta_x = 0.0819999280
delta_t = 0.2600000000

!!!!!!!! Propagation velocity = 315.384339 cm/s !!!!!!!!!!

=============================================================



[!] Propagation velocity! Id = 180
t1 = 3.8400000000
dvdt[175] = 3.5033187703

t2 = 4.1000000000
dvdt[180] = 3.5013959162
delta_x = 0.0819999280
delta_t = 0.2600000000

!!!!!!!! Propagation velocity = 315.384339 cm/s !!!!!!!!!!

=============================================================



[!] Propagation velocity! Id = 100
t1 = 6.0300000000
dvdt[95] = 3.5003525611

t2 = 6.3100000000
dvdt[100] = 3.5035222290
delta_x = 0.0820000000
delta_t = 0.2800000000

!!!!!!!! Propagation velocity = 292.857143 cm/s !!!!!!!!!!

=============================================================



[!] Propagation velocity! Id = 140
t1 = 6.0300000000
dvdt[135] = 3.5003525611

t2 = 6.3100000000
dvdt[140] = 3.5035222290
delta_x = 0.0819999280
delta_t = 0.2800000000

!!!!!!!! Propagation velocity = 292.856886 cm/s !!!!!!!!!!

=============================================================



[!] Propagation velocity! Id = 220
t1 = 6.0300000000
dvdt[215] = 3.5003525611

t2 = 6.3100000000
dvdt[220] = 3.5035222290
delta_x = 0.0819999280
delta_t = 0.2800000000

!!!!!!!! Propagation velocity = 292.856886 cm/s !!!!!!!!!!

=============================================================



[!] Propagation velocity! Id = 260
t1 = 6.0300000000
dvdt[255] = 3.5003525611

t2 = 6.3100000000
dvdt[260] = 3.5035222290
delta_x = 0.0820000000
delta_t = 0.2800000000

!!!!!!!! Propagation velocity = 292.857143 cm/s !!!!!!!!!!

=============================================================



[!] Propagation velocity! Id = 120
t1 = 7.1300000000
dvdt[115] = 3.8212978733

t2 = 7.2900000000
dvdt[120] = 6.5390940305
delta_x = 0.0820000000
delta_t = 0.1600000000

!!!!!!!! Propagation velocity = 512.500000 cm/s !!!!!!!!!!

=============================================================



[!] Propagation velocity! Id = 160
t1 = 7.1300000000
dvdt[155] = 3.8212978733

t2 = 7.2900000000
dvdt[160] = 6.5390940305
delta_x = 0.0819999280
delta_t = 0.1600000000

!!!!!!!! Propagation velocity = 512.499550 cm/s !!!!!!!!!!

=============================================================



[!] Propagation velocity! Id = 240
t1 = 7.1300000000
dvdt[235] = 3.8212978733

t2 = 7.2900000000
dvdt[240] = 6.5390940305
delta_x = 0.0819999280
delta_t = 0.1600000000

!!!!!!!! Propagation velocity = 512.499550 cm/s !!!!!!!!!!

=============================================================



[!] Propagation velocity! Id = 280
t1 = 7.1300000000
dvdt[275] = 3.8212978733

t2 = 7.2900000000
dvdt[280] = 6.5390940305
delta_x = 0.0820000000
delta_t = 0.1600000000

!!!!!!!! Propagation velocity = 512.500000 cm/s !!!!!!!!!!

=============================================================

