

[!] Propagation velocity! Id = 25
t1 = 2.0100000000
dvdt[15] = 1.4568267640

t2 = 2.7800000000
dvdt[25] = 1.4526910383
delta_x = 0.2000000000
delta_t = 0.7700000000

!!!!!!!! Propagation velocity = 259.740260 cm/s !!!!!!!!!!

=============================================================



[!] Propagation velocity! Id = 50
t1 = 3.9300000000
dvdt[40] = 1.4297774980

t2 = 5.0900000000
dvdt[50] = 1.0327707773
delta_x = 0.2000000000
delta_t = 1.1600000000

!!!!!!!! Propagation velocity = 172.413793 cm/s !!!!!!!!!!

=============================================================



[!] Propagation velocity! Id = 75
t1 = 6.1500000000
dvdt[65] = 1.4552578573

t2 = 6.9200000000
dvdt[75] = 1.4578129589
delta_x = 0.1999999301
delta_t = 0.7700000000

!!!!!!!! Propagation velocity = 259.740169 cm/s !!!!!!!!!!

=============================================================



[!] Propagation velocity! Id = 125
t1 = 6.2200000000
dvdt[115] = 1.4553452893

t2 = 6.9900000000
dvdt[125] = 1.4577791276
delta_x = 0.1999999301
delta_t = 0.7700000000

!!!!!!!! Propagation velocity = 259.740169 cm/s !!!!!!!!!!

=============================================================



[!] Propagation velocity! Id = 99
t1 = 8.0100000000
dvdt[89] = 1.3929103686

t2 = 12.6600000000
dvdt[99] = 1.5378072455
delta_x = 0.1999999301
delta_t = 4.6500000000

!!!!!!!! Propagation velocity = 43.010738 cm/s !!!!!!!!!!

=============================================================



[!] Propagation velocity! Id = 148
t1 = 8.0100000000
dvdt[138] = 1.3929103686

t2 = 12.6600000000
dvdt[148] = 1.5378072455
delta_x = 0.1999999301
delta_t = 4.6500000000

!!!!!!!! Propagation velocity = 43.010738 cm/s !!!!!!!!!!

=============================================================

