

[!] Propagation velocity! Id = 59
t1 = 3.6200000000
dvdt[54] = 3.4978061040

t2 = 3.8600000000
dvdt[59] = 3.4969910307
delta_x = 0.0820000000
delta_t = 0.2400000000

!!!!!!!! Propagation velocity = 341.666667 cm/s !!!!!!!!!!

=============================================================



[!] Propagation velocity! Id = 119
t1 = 6.4700000000
dvdt[114] = 3.4932657112

t2 = 6.7100000000
dvdt[119] = 3.4871826364
delta_x = 0.0820000000
delta_t = 0.2400000000

!!!!!!!! Propagation velocity = 341.666667 cm/s !!!!!!!!!!

=============================================================



[!] Propagation velocity! Id = 178
t1 = 9.2700000000
dvdt[173] = 3.4921876857

t2 = 9.5100000000
dvdt[178] = 3.4920440560
delta_x = 0.0820000000
delta_t = 0.2400000000

!!!!!!!! Propagation velocity = 341.666667 cm/s !!!!!!!!!!

=============================================================



[!] Propagation velocity! Id = 242
t1 = 12.3300000000
dvdt[237] = 3.0587370688

t2 = 12.9600000000
dvdt[242] = 4.9307555654
delta_x = 0.0820000000
delta_t = 0.6300000000

!!!!!!!! Propagation velocity = 130.158730 cm/s !!!!!!!!!!

=============================================================

