

[!] Propagation velocity! Id = 250
t1 = 10.9300000000
dvdt[240] = 1.4452597328

t2 = 11.3100000000
dvdt[250] = 1.4450908934
delta_x = 0.1000000000
delta_t = 0.3800000000

!!!!!!!! Propagation velocity = 263.157895 cm/s !!!!!!!!!!

=============================================================



[!] Propagation velocity! Id = 500
t1 = 20.4800000000
dvdt[490] = 1.2921816922

t2 = 21.2300000000
dvdt[500] = 1.0502688088
delta_x = 0.1000000000
delta_t = 0.7500000000

!!!!!!!! Propagation velocity = 133.333333 cm/s !!!!!!!!!!

=============================================================



[!] Propagation velocity! Id = 750
t1 = 30.2400000000
dvdt[740] = 1.4337872115

t2 = 30.6200000000
dvdt[750] = 1.4330608887
delta_x = 0.1000003981
delta_t = 0.3800000000

!!!!!!!! Propagation velocity = 263.158942 cm/s !!!!!!!!!!

=============================================================



[!] Propagation velocity! Id = 1250
t1 = 30.2400000000
dvdt[1240] = 1.4337872115

t2 = 30.6200000000
dvdt[1250] = 1.4330608887
delta_x = 0.1000003981
delta_t = 0.3800000000

!!!!!!!! Propagation velocity = 263.158942 cm/s !!!!!!!!!!

=============================================================



[!] Propagation velocity! Id = 1000
t1 = 39.7600000000
dvdt[990] = 0.9749706179

t2 = 104.0500000000
dvdt[1000] = 0.2393664845
delta_x = 0.1000003981
delta_t = 64.2900000000

!!!!!!!! Propagation velocity = 1.555458 cm/s !!!!!!!!!!

=============================================================



[!] Propagation velocity! Id = 1500
t1 = 39.7600000000
dvdt[1490] = 0.9749706179

t2 = 104.0500000000
dvdt[1500] = 0.2393664845
delta_x = 0.1000003981
delta_t = 64.2900000000

!!!!!!!! Propagation velocity = 1.555458 cm/s !!!!!!!!!!

=============================================================

