

[!] Propagation velocity! Id = 30
t1 = 2.6500000000
dvdt[25] = 1.4472592135

t2 = 2.9900000000
dvdt[30] = 1.4489237368
delta_x = 0.0820000000
delta_t = 0.3400000000

!!!!!!!! Propagation velocity = 241.176471 cm/s !!!!!!!!!!

=============================================================



[!] Propagation velocity! Id = 60
t1 = 4.7300000000
dvdt[55] = 1.4479731944

t2 = 5.1100000000
dvdt[60] = 1.4478637627
delta_x = 0.0819999280
delta_t = 0.3800000000

!!!!!!!! Propagation velocity = 215.789284 cm/s !!!!!!!!!!

=============================================================



[!] Propagation velocity! Id = 180
t1 = 4.7300000000
dvdt[175] = 1.4479731944

t2 = 5.1100000000
dvdt[180] = 1.4478637627
delta_x = 0.0819999280
delta_t = 0.3800000000

!!!!!!!! Propagation velocity = 215.789284 cm/s !!!!!!!!!!

=============================================================



[!] Propagation velocity! Id = 100
t1 = 7.8100000000
dvdt[95] = 1.4480495261

t2 = 8.2300000000
dvdt[100] = 1.4487097045
delta_x = 0.0820000000
delta_t = 0.4200000000

!!!!!!!! Propagation velocity = 195.238095 cm/s !!!!!!!!!!

=============================================================



[!] Propagation velocity! Id = 140
t1 = 7.8100000000
dvdt[135] = 1.4480495261

t2 = 8.2300000000
dvdt[140] = 1.4487097045
delta_x = 0.0819999280
delta_t = 0.4200000000

!!!!!!!! Propagation velocity = 195.237924 cm/s !!!!!!!!!!

=============================================================



[!] Propagation velocity! Id = 220
t1 = 7.8100000000
dvdt[215] = 1.4480495261

t2 = 8.2300000000
dvdt[220] = 1.4487097045
delta_x = 0.0819999280
delta_t = 0.4200000000

!!!!!!!! Propagation velocity = 195.237924 cm/s !!!!!!!!!!

=============================================================



[!] Propagation velocity! Id = 260
t1 = 7.8100000000
dvdt[255] = 1.4480495261

t2 = 8.2300000000
dvdt[260] = 1.4487097045
delta_x = 0.0820000000
delta_t = 0.4200000000

!!!!!!!! Propagation velocity = 195.238095 cm/s !!!!!!!!!!

=============================================================



[!] Propagation velocity! Id = 120
t1 = 9.4400000000
dvdt[115] = 1.7586095340

t2 = 9.6000000000
dvdt[120] = 2.4508712607
delta_x = 0.0820000000
delta_t = 0.1600000000

!!!!!!!! Propagation velocity = 512.500000 cm/s !!!!!!!!!!

=============================================================



[!] Propagation velocity! Id = 160
t1 = 9.4400000000
dvdt[155] = 1.7586095340

t2 = 9.6000000000
dvdt[160] = 2.4508712607
delta_x = 0.0819999280
delta_t = 0.1600000000

!!!!!!!! Propagation velocity = 512.499550 cm/s !!!!!!!!!!

=============================================================



[!] Propagation velocity! Id = 240
t1 = 9.4400000000
dvdt[235] = 1.7586095340

t2 = 9.6000000000
dvdt[240] = 2.4508712607
delta_x = 0.0819999280
delta_t = 0.1600000000

!!!!!!!! Propagation velocity = 512.499550 cm/s !!!!!!!!!!

=============================================================



[!] Propagation velocity! Id = 280
t1 = 9.4400000000
dvdt[275] = 1.7586095340

t2 = 9.6000000000
dvdt[280] = 2.4508712607
delta_x = 0.0820000000
delta_t = 0.1600000000

!!!!!!!! Propagation velocity = 512.500000 cm/s !!!!!!!!!!

=============================================================

