

[!] Propagation velocity! Id = 100
t1 = 5.2200000000
dvdt[90] = 1.4454519981

t2 = 5.6000000000
dvdt[100] = 1.4457997523
delta_x = 0.1000000000
delta_t = 0.3800000000

!!!!!!!! Propagation velocity = 263.157895 cm/s !!!!!!!!!!

=============================================================



[!] Propagation velocity! Id = 200
t1 = 9.0300000000
dvdt[190] = 1.4468623378

t2 = 9.4200000000
dvdt[200] = 1.4470018514
delta_x = 0.1000000000
delta_t = 0.3900000000

!!!!!!!! Propagation velocity = 256.410256 cm/s !!!!!!!!!!

=============================================================



[!] Propagation velocity! Id = 300
t1 = 12.8600000000
dvdt[290] = 1.4505422235

t2 = 13.2400000000
dvdt[300] = 1.4510285747
delta_x = 0.1000000000
delta_t = 0.3800000000

!!!!!!!! Propagation velocity = 263.157895 cm/s !!!!!!!!!!

=============================================================



[!] Propagation velocity! Id = 400
t1 = 16.7700000000
dvdt[390] = 1.0012388886

t2 = 28.8100000000
dvdt[400] = 0.9722937207
delta_x = 0.1000000000
delta_t = 12.0400000000

!!!!!!!! Propagation velocity = 8.305648 cm/s !!!!!!!!!!

=============================================================

