

[!] Propagation velocity! Id = 59
t1 = 4.5200000000
dvdt[54] = 3.5251874876

t2 = 4.8800000000
dvdt[59] = 3.5208540657
delta_x = 0.0820000000
delta_t = 0.3600000000

!!!!!!!! Propagation velocity = 227.777778 cm/s !!!!!!!!!!

=============================================================



[!] Propagation velocity! Id = 119
t1 = 8.7700000000
dvdt[114] = 3.5273546290

t2 = 9.1200000000
dvdt[119] = 3.5327622947
delta_x = 0.0820000000
delta_t = 0.3500000000

!!!!!!!! Propagation velocity = 234.285714 cm/s !!!!!!!!!!

=============================================================



[!] Propagation velocity! Id = 178
t1 = 12.9300000000
dvdt[173] = 3.5363969660

t2 = 13.2900000000
dvdt[178] = 3.5311971322
delta_x = 0.0820000000
delta_t = 0.3600000000

!!!!!!!! Propagation velocity = 227.777778 cm/s !!!!!!!!!!

=============================================================



[!] Propagation velocity! Id = 242
t1 = 17.4300000000
dvdt[237] = 3.3481807003

t2 = 17.8400000000
dvdt[242] = 0.0459784620
delta_x = 0.0820000000
delta_t = 0.4100000000

!!!!!!!! Propagation velocity = 200.000000 cm/s !!!!!!!!!!

=============================================================

