

[!] Propagation velocity! Id = 367
t1 = 18.0100000000
dvdt[357] = 0.0005462865

t2 = 18.6800000000
dvdt[367] = 0.0005047723
delta_x = 0.0680000000
delta_t = 0.6700000000

!!!!!!!! Propagation velocity = 101.492537 cm/s !!!!!!!!!!

=============================================================



[!] Propagation velocity! Id = 1102
t1 = 1.2500000000
dvdt[1092] = 0.0001836569

t2 = 1.4600000000
dvdt[1102] = 0.0001835373
delta_x = 0.0680002360
delta_t = 0.2100000000

!!!!!!!! Propagation velocity = 323.810648 cm/s !!!!!!!!!!

=============================================================



[!] Propagation velocity! Id = 735
t1 = 0.0100000000
dvdt[725] = 0.0001843053

t2 = 0.0100000000
dvdt[735] = 0.0001843702
delta_x = 0.0680000000
delta_t = 0.0000000000

!!!!!!!! Propagation velocity = inf cm/s !!!!!!!!!!

=============================================================



[!] Propagation velocity! Id = 1837
t1 = 1.2500000000
dvdt[1827] = 0.0001836569

t2 = 1.4600000000
dvdt[1837] = 0.0001835373
delta_x = 0.0680002360
delta_t = 0.2100000000

!!!!!!!! Propagation velocity = 323.810648 cm/s !!!!!!!!!!

=============================================================



[!] Propagation velocity! Id = 1470
t1 = 2.3000000000
dvdt[1460] = 0.0001418730

t2 = 2.2900000000
dvdt[1470] = 0.0001393098
delta_x = 0.0680002360
delta_t = -0.0100000000

!!!!!!!! Propagation velocity = 0.000000 cm/s !!!!!!!!!!

=============================================================



[!] Propagation velocity! Id = 2205
t1 = 2.3000000000
dvdt[2195] = 0.0001418730

t2 = 2.2900000000
dvdt[2205] = 0.0001393098
delta_x = 0.0680002360
delta_t = -0.0100000000

!!!!!!!! Propagation velocity = 0.000000 cm/s !!!!!!!!!!

=============================================================

