

[!] Propagation velocity! Id = 25
t1 = 2.8200000000
dvdt[15] = 3.6721774499

t2 = 3.0500000000
dvdt[25] = 3.6210900922
delta_x = 0.1000000000
delta_t = 0.2300000000

!!!!!!!! Propagation velocity = 434.782609 cm/s !!!!!!!!!!

=============================================================



[!] Propagation velocity! Id = 50
t1 = 3.4200000000
dvdt[40] = 3.5475595031

t2 = 3.6700000000
dvdt[50] = 3.5230307247
delta_x = 0.1000000000
delta_t = 0.2500000000

!!!!!!!! Propagation velocity = 400.000000 cm/s !!!!!!!!!!

=============================================================



[!] Propagation velocity! Id = 75
t1 = 4.0600000000
dvdt[65] = 3.4924776656

t2 = 4.3200000000
dvdt[75] = 3.4745800212
delta_x = 0.1000000000
delta_t = 0.2600000000

!!!!!!!! Propagation velocity = 384.615385 cm/s !!!!!!!!!!

=============================================================



[!] Propagation velocity! Id = 100
t1 = 4.7200000000
dvdt[90] = 3.0345203946

t2 = 10.2800000000
dvdt[100] = 3.9513735031
delta_x = 0.1000000000
delta_t = 5.5600000000

!!!!!!!! Propagation velocity = 17.985612 cm/s !!!!!!!!!!

=============================================================

