

[!] Propagation velocity! Id = 30
t1 = 2.6700000000
dvdt[25] = 1.4443157212

t2 = 3.0100000000
dvdt[30] = 1.4142617068
delta_x = 0.0820000000
delta_t = 0.3400000000

!!!!!!!! Propagation velocity = 241.176471 cm/s !!!!!!!!!!

=============================================================



[!] Propagation velocity! Id = 60
t1 = 4.9900000000
dvdt[55] = 1.4519942375

t2 = 5.3200000000
dvdt[60] = 1.4522083431
delta_x = 0.0819999280
delta_t = 0.3300000000

!!!!!!!! Propagation velocity = 248.484630 cm/s !!!!!!!!!!

=============================================================



[!] Propagation velocity! Id = 180
t1 = 4.9900000000
dvdt[175] = 1.4519942375

t2 = 5.3200000000
dvdt[180] = 1.4522083431
delta_x = 0.0819999280
delta_t = 0.3300000000

!!!!!!!! Propagation velocity = 248.484630 cm/s !!!!!!!!!!

=============================================================



[!] Propagation velocity! Id = 100
t1 = 7.9900000000
dvdt[95] = 1.4572489426

t2 = 8.3300000000
dvdt[100] = 1.4552093937
delta_x = 0.0820000000
delta_t = 0.3400000000

!!!!!!!! Propagation velocity = 241.176471 cm/s !!!!!!!!!!

=============================================================



[!] Propagation velocity! Id = 140
t1 = 7.9900000000
dvdt[135] = 1.4572489426

t2 = 8.3300000000
dvdt[140] = 1.4552093937
delta_x = 0.0819999280
delta_t = 0.3400000000

!!!!!!!! Propagation velocity = 241.176259 cm/s !!!!!!!!!!

=============================================================



[!] Propagation velocity! Id = 220
t1 = 7.9900000000
dvdt[215] = 1.4572489426

t2 = 8.3300000000
dvdt[220] = 1.4552093937
delta_x = 0.0819999280
delta_t = 0.3400000000

!!!!!!!! Propagation velocity = 241.176259 cm/s !!!!!!!!!!

=============================================================



[!] Propagation velocity! Id = 260
t1 = 7.9900000000
dvdt[255] = 1.4572489426

t2 = 8.3300000000
dvdt[260] = 1.4552093937
delta_x = 0.0820000000
delta_t = 0.3400000000

!!!!!!!! Propagation velocity = 241.176471 cm/s !!!!!!!!!!

=============================================================



[!] Propagation velocity! Id = 120
t1 = 9.3900000000
dvdt[115] = 0.8825341156

t2 = 20.1600000000
dvdt[120] = 1.0470917109
delta_x = 0.0820000000
delta_t = 10.7700000000

!!!!!!!! Propagation velocity = 7.613742 cm/s !!!!!!!!!!

=============================================================



[!] Propagation velocity! Id = 160
t1 = 9.3900000000
dvdt[155] = 0.8825341156

t2 = 20.1600000000
dvdt[160] = 1.0470917109
delta_x = 0.0819999280
delta_t = 10.7700000000

!!!!!!!! Propagation velocity = 7.613735 cm/s !!!!!!!!!!

=============================================================



[!] Propagation velocity! Id = 240
t1 = 9.3900000000
dvdt[235] = 0.8825341156

t2 = 20.1600000000
dvdt[240] = 1.0470917109
delta_x = 0.0819999280
delta_t = 10.7700000000

!!!!!!!! Propagation velocity = 7.613735 cm/s !!!!!!!!!!

=============================================================



[!] Propagation velocity! Id = 280
t1 = 9.3900000000
dvdt[275] = 0.8825341156

t2 = 20.1600000000
dvdt[280] = 1.0470917109
delta_x = 0.0820000000
delta_t = 10.7700000000

!!!!!!!! Propagation velocity = 7.613742 cm/s !!!!!!!!!!

=============================================================

