

[!] Propagation velocity! Id = 12
t1 = 1.1700000000
dvdt[2] = 3.8684247936

t2 = 1.5800000000
dvdt[12] = 3.6411531099
delta_x = 0.2000000000
delta_t = 0.4100000000

!!!!!!!! Propagation velocity = 487.804878 cm/s !!!!!!!!!!

=============================================================



[!] Propagation velocity! Id = 25
t1 = 1.7400000000
dvdt[15] = 3.5930603621

t2 = 2.2500000000
dvdt[25] = 3.5320845371
delta_x = 0.2000000000
delta_t = 0.5100000000

!!!!!!!! Propagation velocity = 392.156863 cm/s !!!!!!!!!!

=============================================================



[!] Propagation velocity! Id = 37
t1 = 2.3600000000
dvdt[27] = 3.5204260949

t2 = 2.8800000000
dvdt[37] = 3.5066841478
delta_x = 0.2000000000
delta_t = 0.5200000000

!!!!!!!! Propagation velocity = 384.615385 cm/s !!!!!!!!!!

=============================================================



[!] Propagation velocity! Id = 50
t1 = 3.0400000000
dvdt[40] = 3.4802032939

t2 = 8.6300000000
dvdt[50] = 3.9383783189
delta_x = 0.2000000000
delta_t = 5.5900000000

!!!!!!!! Propagation velocity = 35.778175 cm/s !!!!!!!!!!

=============================================================

