

[!] Propagation velocity! Id = 59
t1 = 4.0400000000
dvdt[54] = 3.5158258399

t2 = 4.3300000000
dvdt[59] = 3.5128904951
delta_x = 0.0820000000
delta_t = 0.2900000000

!!!!!!!! Propagation velocity = 282.758621 cm/s !!!!!!!!!!

=============================================================



[!] Propagation velocity! Id = 119
t1 = 7.6200000000
dvdt[114] = 3.5249733745

t2 = 7.9200000000
dvdt[119] = 3.5281971952
delta_x = 0.0820000000
delta_t = 0.3000000000

!!!!!!!! Propagation velocity = 273.333333 cm/s !!!!!!!!!!

=============================================================



[!] Propagation velocity! Id = 178
t1 = 11.1300000000
dvdt[173] = 3.5391021546

t2 = 11.4200000000
dvdt[178] = 3.5365002414
delta_x = 0.0820000000
delta_t = 0.2900000000

!!!!!!!! Propagation velocity = 282.758621 cm/s !!!!!!!!!!

=============================================================



[!] Propagation velocity! Id = 242
t1 = 14.9000000000
dvdt[237] = 3.2304036272

t2 = 15.2700000000
dvdt[242] = 0.0712358127
delta_x = 0.0820000000
delta_t = 0.3700000000

!!!!!!!! Propagation velocity = 221.621622 cm/s !!!!!!!!!!

=============================================================

