

[!] Propagation velocity! Id = 36
t1 = 2.0200000000
dvdt[26] = 0.1124544003

t2 = 2.0700000000
dvdt[36] = 0.0890082587
delta_x = 0.0680000000
delta_t = 0.0500000000

!!!!!!!! Propagation velocity = 1360.000000 cm/s !!!!!!!!!!

=============================================================



[!] Propagation velocity! Id = 73
t1 = 2.3600000000
dvdt[63] = 0.0457765689

t2 = 2.5600000000
dvdt[73] = 0.0357554681
delta_x = 0.0680000000
delta_t = 0.2000000000

!!!!!!!! Propagation velocity = 340.000000 cm/s !!!!!!!!!!

=============================================================



[!] Propagation velocity! Id = 109
t1 = 3.2800000000
dvdt[99] = 0.0190819778

t2 = 3.5400000000
dvdt[109] = 0.0146193641
delta_x = 0.0680000000
delta_t = 0.2600000000

!!!!!!!! Propagation velocity = 261.538462 cm/s !!!!!!!!!!

=============================================================



[!] Propagation velocity! Id = 146
t1 = 3.9600000000
dvdt[136] = 0.0039773323

t2 = 8.3800000000
dvdt[146] = 0.0003526050
delta_x = 0.0680000000
delta_t = 4.4200000000

!!!!!!!! Propagation velocity = 15.384615 cm/s !!!!!!!!!!

=============================================================

