

[!] Propagation velocity! Id = 148
t1 = 9.6900000000
dvdt[138] = 1.4468965434

t2 = 10.3100000000
dvdt[148] = 1.4472256100
delta_x = 0.1640000000
delta_t = 0.6200000000

!!!!!!!! Propagation velocity = 264.516129 cm/s !!!!!!!!!!

=============================================================



[!] Propagation velocity! Id = 297
t1 = 19.0100000000
dvdt[287] = 1.4473615035

t2 = 19.6400000000
dvdt[297] = 1.4472808329
delta_x = 0.1640000000
delta_t = 0.6300000000

!!!!!!!! Propagation velocity = 260.317460 cm/s !!!!!!!!!!

=============================================================



[!] Propagation velocity! Id = 445
t1 = 28.2800000000
dvdt[435] = 1.4486398704

t2 = 28.9100000000
dvdt[445] = 1.4486557132
delta_x = 0.1640000000
delta_t = 0.6300000000

!!!!!!!! Propagation velocity = 260.317460 cm/s !!!!!!!!!!

=============================================================



[!] Propagation velocity! Id = 608
t1 = 38.5800000000
dvdt[598] = 1.3154078529

t2 = 68.5300000000
dvdt[608] = 0.3393964301
delta_x = 0.1640000000
delta_t = 29.9500000000

!!!!!!!! Propagation velocity = 5.475793 cm/s !!!!!!!!!!

=============================================================

