

[!] Propagation velocity! Id = 50
t1 = 3.6300000000
dvdt[40] = 3.5470746021

t2 = 4.3800000000
dvdt[50] = 3.5410096089
delta_x = 0.2000000000
delta_t = 0.7500000000

!!!!!!!! Propagation velocity = 266.666667 cm/s !!!!!!!!!!

=============================================================



[!] Propagation velocity! Id = 100
t1 = 7.3700000000
dvdt[90] = 3.5474863131

t2 = 8.1200000000
dvdt[100] = 3.5406939847
delta_x = 0.2000000000
delta_t = 0.7500000000

!!!!!!!! Propagation velocity = 266.666667 cm/s !!!!!!!!!!

=============================================================



[!] Propagation velocity! Id = 150
t1 = 11.1000000000
dvdt[140] = 3.5503778676

t2 = 11.8500000000
dvdt[150] = 3.5477031842
delta_x = 0.2000000000
delta_t = 0.7500000000

!!!!!!!! Propagation velocity = 266.666667 cm/s !!!!!!!!!!

=============================================================



[!] Propagation velocity! Id = 200
t1 = 14.8200000000
dvdt[190] = 3.5430872663

t2 = 15.6300000000
dvdt[200] = 0.0905177017
delta_x = 0.2000000000
delta_t = 0.8100000000

!!!!!!!! Propagation velocity = 246.913580 cm/s !!!!!!!!!!

=============================================================

