

[!] Propagation velocity! Id = 59
t1 = 4.1200000000
dvdt[49] = 1.4476588401

t2 = 4.7400000000
dvdt[59] = 1.4478719890
delta_x = 0.1640000000
delta_t = 0.6200000000

!!!!!!!! Propagation velocity = 264.516129 cm/s !!!!!!!!!!

=============================================================



[!] Propagation velocity! Id = 121
t1 = 8.0100000000
dvdt[111] = 1.4010734197

t2 = 9.0200000000
dvdt[121] = 1.0377748733
delta_x = 0.1640000000
delta_t = 1.0100000000

!!!!!!!! Propagation velocity = 162.376238 cm/s !!!!!!!!!!

=============================================================



[!] Propagation velocity! Id = 178
t1 = 11.8600000000
dvdt[168] = 1.4493842880

t2 = 12.4900000000
dvdt[178] = 1.4502202924
delta_x = 0.1640007221
delta_t = 0.6300000000

!!!!!!!! Propagation velocity = 260.318606 cm/s !!!!!!!!!!

=============================================================



[!] Propagation velocity! Id = 297
t1 = 11.7400000000
dvdt[287] = 1.4491937645

t2 = 12.3600000000
dvdt[297] = 1.4497650081
delta_x = 0.1639998561
delta_t = 0.6200000000

!!!!!!!! Propagation velocity = 264.515897 cm/s !!!!!!!!!!

=============================================================



[!] Propagation velocity! Id = 242
t1 = 15.9100000000
dvdt[232] = 1.3432806982

t2 = 17.8200000000
dvdt[242] = 1.8481121061
delta_x = 0.1639998561
delta_t = 1.9100000000

!!!!!!!! Propagation velocity = 85.863799 cm/s !!!!!!!!!!

=============================================================



[!] Propagation velocity! Id = 363
t1 = 15.9100000000
dvdt[353] = 1.3432806982

t2 = 17.8200000000
dvdt[363] = 1.8481121061
delta_x = 0.1639998561
delta_t = 1.9100000000

!!!!!!!! Propagation velocity = 85.863799 cm/s !!!!!!!!!!

=============================================================

