

[!] Propagation velocity! Id = 30
t1 = 2.2600000000
dvdt[25] = 3.5237339804

t2 = 2.5000000000
dvdt[30] = 3.5062710764
delta_x = 0.0820000000
delta_t = 0.2400000000

!!!!!!!! Propagation velocity = 341.666667 cm/s !!!!!!!!!!

=============================================================



[!] Propagation velocity! Id = 60
t1 = 3.8400000000
dvdt[55] = 3.4954751565

t2 = 4.1000000000
dvdt[60] = 3.4976051940
delta_x = 0.0819999280
delta_t = 0.2600000000

!!!!!!!! Propagation velocity = 315.384339 cm/s !!!!!!!!!!

=============================================================



[!] Propagation velocity! Id = 180
t1 = 3.8400000000
dvdt[175] = 3.4954751565

t2 = 4.1000000000
dvdt[180] = 3.4976051940
delta_x = 0.0819999280
delta_t = 0.2600000000

!!!!!!!! Propagation velocity = 315.384339 cm/s !!!!!!!!!!

=============================================================



[!] Propagation velocity! Id = 100
t1 = 6.0300000000
dvdt[95] = 3.5025814075

t2 = 6.3000000000
dvdt[100] = 3.5009007118
delta_x = 0.0820000000
delta_t = 0.2700000000

!!!!!!!! Propagation velocity = 303.703704 cm/s !!!!!!!!!!

=============================================================



[!] Propagation velocity! Id = 140
t1 = 6.0300000000
dvdt[135] = 3.5025814075

t2 = 6.3000000000
dvdt[140] = 3.5009007118
delta_x = 0.0819999280
delta_t = 0.2700000000

!!!!!!!! Propagation velocity = 303.703437 cm/s !!!!!!!!!!

=============================================================



[!] Propagation velocity! Id = 220
t1 = 6.0300000000
dvdt[215] = 3.5025814075

t2 = 6.3000000000
dvdt[220] = 3.5009007118
delta_x = 0.0819999280
delta_t = 0.2700000000

!!!!!!!! Propagation velocity = 303.703437 cm/s !!!!!!!!!!

=============================================================



[!] Propagation velocity! Id = 260
t1 = 6.0300000000
dvdt[255] = 3.5025814075

t2 = 6.3000000000
dvdt[260] = 3.5009007118
delta_x = 0.0820000000
delta_t = 0.2700000000

!!!!!!!! Propagation velocity = 303.703704 cm/s !!!!!!!!!!

=============================================================



[!] Propagation velocity! Id = 120
t1 = 7.1400000000
dvdt[115] = 3.1222499417

t2 = 8.4400000000
dvdt[120] = 4.7991010216
delta_x = 0.0820000000
delta_t = 1.3000000000

!!!!!!!! Propagation velocity = 63.076923 cm/s !!!!!!!!!!

=============================================================



[!] Propagation velocity! Id = 160
t1 = 7.1400000000
dvdt[155] = 3.1222499417

t2 = 8.4400000000
dvdt[160] = 4.7991010216
delta_x = 0.0819999280
delta_t = 1.3000000000

!!!!!!!! Propagation velocity = 63.076868 cm/s !!!!!!!!!!

=============================================================



[!] Propagation velocity! Id = 240
t1 = 7.1400000000
dvdt[235] = 3.1222499417

t2 = 8.4400000000
dvdt[240] = 4.7991010216
delta_x = 0.0819999280
delta_t = 1.3000000000

!!!!!!!! Propagation velocity = 63.076868 cm/s !!!!!!!!!!

=============================================================



[!] Propagation velocity! Id = 280
t1 = 7.1400000000
dvdt[275] = 3.1222499417

t2 = 8.4400000000
dvdt[280] = 4.7991010216
delta_x = 0.0820000000
delta_t = 1.3000000000

!!!!!!!! Propagation velocity = 63.076923 cm/s !!!!!!!!!!

=============================================================

