

[!] Propagation velocity! Id = 30
t1 = 2.0200000000
dvdt[25] = 3.5829160880

t2 = 2.2500000000
dvdt[30] = 3.5757916148
delta_x = 0.0820000000
delta_t = 0.2300000000

!!!!!!!! Propagation velocity = 356.521739 cm/s !!!!!!!!!!

=============================================================



[!] Propagation velocity! Id = 60
t1 = 3.4800000000
dvdt[55] = 3.5749520338

t2 = 3.7400000000
dvdt[60] = 3.5746497278
delta_x = 0.0819999280
delta_t = 0.2600000000

!!!!!!!! Propagation velocity = 315.384339 cm/s !!!!!!!!!!

=============================================================



[!] Propagation velocity! Id = 180
t1 = 3.4800000000
dvdt[175] = 3.5749520339

t2 = 3.7400000000
dvdt[180] = 3.5746497278
delta_x = 0.0819999280
delta_t = 0.2600000000

!!!!!!!! Propagation velocity = 315.384339 cm/s !!!!!!!!!!

=============================================================



[!] Propagation velocity! Id = 100
t1 = 5.6300000000
dvdt[95] = 3.5762338042

t2 = 5.9200000000
dvdt[100] = 3.5729648848
delta_x = 0.0820000000
delta_t = 0.2900000000

!!!!!!!! Propagation velocity = 282.758621 cm/s !!!!!!!!!!

=============================================================



[!] Propagation velocity! Id = 140
t1 = 5.6300000000
dvdt[135] = 3.5762338042

t2 = 5.9200000000
dvdt[140] = 3.5729648848
delta_x = 0.0819999280
delta_t = 0.2900000000

!!!!!!!! Propagation velocity = 282.758373 cm/s !!!!!!!!!!

=============================================================



[!] Propagation velocity! Id = 220
t1 = 5.6300000000
dvdt[215] = 3.5762338042

t2 = 5.9200000000
dvdt[220] = 3.5729648848
delta_x = 0.0819999280
delta_t = 0.2900000000

!!!!!!!! Propagation velocity = 282.758373 cm/s !!!!!!!!!!

=============================================================



[!] Propagation velocity! Id = 260
t1 = 5.6300000000
dvdt[255] = 3.5762338042

t2 = 5.9200000000
dvdt[260] = 3.5729648848
delta_x = 0.0820000000
delta_t = 0.2900000000

!!!!!!!! Propagation velocity = 282.758621 cm/s !!!!!!!!!!

=============================================================



[!] Propagation velocity! Id = 120
t1 = 6.8000000000
dvdt[115] = 3.3004750407

t2 = 7.1500000000
dvdt[120] = 0.0589566436
delta_x = 0.0820000000
delta_t = 0.3500000000

!!!!!!!! Propagation velocity = 234.285714 cm/s !!!!!!!!!!

=============================================================



[!] Propagation velocity! Id = 160
t1 = 6.8000000000
dvdt[155] = 3.3004750407

t2 = 7.1500000000
dvdt[160] = 0.0589566436
delta_x = 0.0819999280
delta_t = 0.3500000000

!!!!!!!! Propagation velocity = 234.285509 cm/s !!!!!!!!!!

=============================================================



[!] Propagation velocity! Id = 240
t1 = 6.8000000000
dvdt[235] = 3.3004750407

t2 = 7.1500000000
dvdt[240] = 0.0589566436
delta_x = 0.0819999280
delta_t = 0.3500000000

!!!!!!!! Propagation velocity = 234.285509 cm/s !!!!!!!!!!

=============================================================



[!] Propagation velocity! Id = 280
t1 = 6.8000000000
dvdt[275] = 3.3004750407

t2 = 7.1500000000
dvdt[280] = 0.0589566436
delta_x = 0.0820000000
delta_t = 0.3500000000

!!!!!!!! Propagation velocity = 234.285714 cm/s !!!!!!!!!!

=============================================================

