

[!] Propagation velocity! Id = 147
t1 = 4.6600000000
dvdt[137] = 0.0082867796

t2 = 5.1300000000
dvdt[147] = 0.0069068653
delta_x = 0.0680000000
delta_t = 0.4700000000

!!!!!!!! Propagation velocity = 144.680851 cm/s !!!!!!!!!!

=============================================================



[!] Propagation velocity! Id = 294
t1 = 12.5100000000
dvdt[284] = 0.0008098473

t2 = 13.5200000000
dvdt[294] = 0.0006662347
delta_x = 0.0680000000
delta_t = 1.0100000000

!!!!!!!! Propagation velocity = 67.326733 cm/s !!!!!!!!!!

=============================================================



[!] Propagation velocity! Id = 441
t1 = 21.9600000000
dvdt[431] = 0.0002398192

t2 = 22.5300000000
dvdt[441] = 0.0002273873
delta_x = 0.0680002360
delta_t = 0.5700000000

!!!!!!!! Propagation velocity = 119.298660 cm/s !!!!!!!!!!

=============================================================



[!] Propagation velocity! Id = 735
t1 = 21.9600000000
dvdt[725] = 0.0002398192

t2 = 22.5300000000
dvdt[735] = 0.0002273873
delta_x = 0.0680002360
delta_t = 0.5700000000

!!!!!!!! Propagation velocity = 119.298660 cm/s !!!!!!!!!!

=============================================================



[!] Propagation velocity! Id = 588
t1 = 0.0100000000
dvdt[578] = 0.0001252118

t2 = 0.0100000000
dvdt[588] = 0.0001224818
delta_x = 0.0680002360
delta_t = 0.0000000000

!!!!!!!! Propagation velocity = inf cm/s !!!!!!!!!!

=============================================================



[!] Propagation velocity! Id = 882
t1 = 0.0100000000
dvdt[872] = 0.0001252118

t2 = 0.0100000000
dvdt[882] = 0.0001224818
delta_x = 0.0680002360
delta_t = 0.0000000000

!!!!!!!! Propagation velocity = inf cm/s !!!!!!!!!!

=============================================================

