

[!] Propagation velocity! Id = 14
t1 = 1.4300000000
dvdt[4] = 3.8483682805

t2 = 1.7900000000
dvdt[14] = 3.6576975069
delta_x = 0.1640000000
delta_t = 0.3600000000

!!!!!!!! Propagation velocity = 455.555556 cm/s !!!!!!!!!!

=============================================================



[!] Propagation velocity! Id = 29
t1 = 2.0000000000
dvdt[19] = 3.5770931443

t2 = 2.4700000000
dvdt[29] = 2.2106119202
delta_x = 0.1640000000
delta_t = 0.4700000000

!!!!!!!! Propagation velocity = 348.936170 cm/s !!!!!!!!!!

=============================================================



[!] Propagation velocity! Id = 43
t1 = 2.7600000000
dvdt[33] = 3.1779983518

t2 = 3.1700000000
dvdt[43] = 3.5286174451
delta_x = 0.1640007221
delta_t = 0.4100000000

!!!!!!!! Propagation velocity = 400.001761 cm/s !!!!!!!!!!

=============================================================



[!] Propagation velocity! Id = 58
t1 = 3.3900000000
dvdt[48] = 3.4844887124

t2 = 3.7600000000
dvdt[58] = 0.9215253327
delta_x = 0.1639998561
delta_t = 0.3700000000

!!!!!!!! Propagation velocity = 443.242854 cm/s !!!!!!!!!!

=============================================================



[!] Propagation velocity! Id = 72
t1 = 2.7200000000
dvdt[62] = 2.9164333061

t2 = 3.1300000000
dvdt[72] = 3.5323424906
delta_x = 0.1639998561
delta_t = 0.4100000000

!!!!!!!! Propagation velocity = 399.999649 cm/s !!!!!!!!!!

=============================================================



[!] Propagation velocity! Id = 87
t1 = 3.3400000000
dvdt[77] = 3.5033508318

t2 = 3.7900000000
dvdt[87] = 1.4250844938
delta_x = 0.1639998561
delta_t = 0.4500000000

!!!!!!!! Propagation velocity = 364.444125 cm/s !!!!!!!!!!

=============================================================

