

[!] Propagation velocity! Id = 12
t1 = 1.2500000000
dvdt[2] = 1.7187042298

t2 = 1.8300000000
dvdt[12] = 1.4686198671
delta_x = 0.2000000000
delta_t = 0.5800000000

!!!!!!!! Propagation velocity = 344.827586 cm/s !!!!!!!!!!

=============================================================



[!] Propagation velocity! Id = 25
t1 = 2.0600000000
dvdt[15] = 1.4433059149

t2 = 3.2400000000
dvdt[25] = 1.0376753676
delta_x = 0.2000000000
delta_t = 1.1800000000

!!!!!!!! Propagation velocity = 169.491525 cm/s !!!!!!!!!!

=============================================================



[!] Propagation velocity! Id = 37
t1 = 3.3600000000
dvdt[27] = 1.2960822245

t2 = 4.0900000000
dvdt[37] = 1.4235476062
delta_x = 0.1999999301
delta_t = 0.7300000000

!!!!!!!! Propagation velocity = 273.972507 cm/s !!!!!!!!!!

=============================================================



[!] Propagation velocity! Id = 62
t1 = 3.4200000000
dvdt[52] = 1.3669169588

t2 = 4.1700000000
dvdt[62] = 1.4075446757
delta_x = 0.1999999301
delta_t = 0.7500000000

!!!!!!!! Propagation velocity = 266.666573 cm/s !!!!!!!!!!

=============================================================



[!] Propagation velocity! Id = 49
t1 = 4.2500000000
dvdt[39] = 1.3843461715

t2 = 5.1500000000
dvdt[49] = 0.0281311894
delta_x = 0.1999999301
delta_t = 0.9000000000

!!!!!!!! Propagation velocity = 222.222145 cm/s !!!!!!!!!!

=============================================================



[!] Propagation velocity! Id = 73
t1 = 4.2500000000
dvdt[63] = 1.3843461715

t2 = 5.1500000000
dvdt[73] = 0.0281311894
delta_x = 0.1999999301
delta_t = 0.9000000000

!!!!!!!! Propagation velocity = 222.222145 cm/s !!!!!!!!!!

=============================================================

