

[!] Propagation velocity! Id = 30
t1 = 2.6500000000
dvdt[25] = 1.4520811497

t2 = 2.9800000000
dvdt[30] = 1.4725676872
delta_x = 0.0820000000
delta_t = 0.3300000000

!!!!!!!! Propagation velocity = 248.484848 cm/s !!!!!!!!!!

=============================================================



[!] Propagation velocity! Id = 60
t1 = 4.6900000000
dvdt[55] = 1.4486875002

t2 = 5.0900000000
dvdt[60] = 1.4485544835
delta_x = 0.0819999280
delta_t = 0.4000000000

!!!!!!!! Propagation velocity = 204.999820 cm/s !!!!!!!!!!

=============================================================



[!] Propagation velocity! Id = 180
t1 = 4.6900000000
dvdt[175] = 1.4486875002

t2 = 5.0900000000
dvdt[180] = 1.4485544835
delta_x = 0.0819999280
delta_t = 0.4000000000

!!!!!!!! Propagation velocity = 204.999820 cm/s !!!!!!!!!!

=============================================================



[!] Propagation velocity! Id = 100
t1 = 7.9500000000
dvdt[95] = 1.4497131241

t2 = 8.4300000000
dvdt[100] = 1.4495657248
delta_x = 0.0820000000
delta_t = 0.4800000000

!!!!!!!! Propagation velocity = 170.833333 cm/s !!!!!!!!!!

=============================================================



[!] Propagation velocity! Id = 140
t1 = 7.9500000000
dvdt[135] = 1.4497131241

t2 = 8.4300000000
dvdt[140] = 1.4495657248
delta_x = 0.0819999280
delta_t = 0.4800000000

!!!!!!!! Propagation velocity = 170.833183 cm/s !!!!!!!!!!

=============================================================



[!] Propagation velocity! Id = 220
t1 = 7.9500000000
dvdt[215] = 1.4497131241

t2 = 8.4300000000
dvdt[220] = 1.4495657248
delta_x = 0.0819999280
delta_t = 0.4800000000

!!!!!!!! Propagation velocity = 170.833183 cm/s !!!!!!!!!!

=============================================================



[!] Propagation velocity! Id = 260
t1 = 7.9500000000
dvdt[255] = 1.4497131241

t2 = 8.4300000000
dvdt[260] = 1.4495657248
delta_x = 0.0820000000
delta_t = 0.4800000000

!!!!!!!! Propagation velocity = 170.833333 cm/s !!!!!!!!!!

=============================================================



[!] Propagation velocity! Id = 120
t1 = 9.8300000000
dvdt[115] = 1.6801139981

t2 = 10.0500000000
dvdt[120] = 2.4449913883
delta_x = 0.0820000000
delta_t = 0.2200000000

!!!!!!!! Propagation velocity = 372.727273 cm/s !!!!!!!!!!

=============================================================



[!] Propagation velocity! Id = 160
t1 = 9.8300000000
dvdt[155] = 1.6801139981

t2 = 10.0500000000
dvdt[160] = 2.4449913883
delta_x = 0.0819999280
delta_t = 0.2200000000

!!!!!!!! Propagation velocity = 372.726946 cm/s !!!!!!!!!!

=============================================================



[!] Propagation velocity! Id = 240
t1 = 9.8300000000
dvdt[235] = 1.6801139981

t2 = 10.0500000000
dvdt[240] = 2.4449913883
delta_x = 0.0819999280
delta_t = 0.2200000000

!!!!!!!! Propagation velocity = 372.726946 cm/s !!!!!!!!!!

=============================================================



[!] Propagation velocity! Id = 280
t1 = 9.8300000000
dvdt[275] = 1.6801139981

t2 = 10.0500000000
dvdt[280] = 2.4449913883
delta_x = 0.0820000000
delta_t = 0.2200000000

!!!!!!!! Propagation velocity = 372.727273 cm/s !!!!!!!!!!

=============================================================

