

[!] Propagation velocity! Id = 59
t1 = 4.1200000000
dvdt[54] = 3.5225063442

t2 = 4.4300000000
dvdt[59] = 3.5209659527
delta_x = 0.0820000000
delta_t = 0.3100000000

!!!!!!!! Propagation velocity = 264.516129 cm/s !!!!!!!!!!

=============================================================



[!] Propagation velocity! Id = 119
t1 = 7.8200000000
dvdt[114] = 3.5398436799

t2 = 8.1300000000
dvdt[119] = 3.5355407528
delta_x = 0.0820000000
delta_t = 0.3100000000

!!!!!!!! Propagation velocity = 264.516129 cm/s !!!!!!!!!!

=============================================================



[!] Propagation velocity! Id = 178
t1 = 11.4100000000
dvdt[173] = 3.5710642689

t2 = 11.7100000000
dvdt[178] = 3.5745533258
delta_x = 0.0820000000
delta_t = 0.3000000000

!!!!!!!! Propagation velocity = 273.333333 cm/s !!!!!!!!!!

=============================================================



[!] Propagation velocity! Id = 242
t1 = 15.1900000000
dvdt[237] = 3.3119929201

t2 = 15.5400000000
dvdt[242] = 0.0581313255
delta_x = 0.0820000000
delta_t = 0.3500000000

!!!!!!!! Propagation velocity = 234.285714 cm/s !!!!!!!!!!

=============================================================

