

[!] Propagation velocity! Id = 14
t1 = 1.4500000000
dvdt[4] = 1.5917037909

t2 = 1.9800000000
dvdt[14] = 1.4553921691
delta_x = 0.1640000000
delta_t = 0.5300000000

!!!!!!!! Propagation velocity = 309.433962 cm/s !!!!!!!!!!

=============================================================



[!] Propagation velocity! Id = 30
t1 = 2.3600000000
dvdt[20] = 1.4074366608

t2 = 3.3800000000
dvdt[30] = 1.0443015931
delta_x = 0.1640000000
delta_t = 1.0200000000

!!!!!!!! Propagation velocity = 160.784314 cm/s !!!!!!!!!!

=============================================================



[!] Propagation velocity! Id = 43
t1 = 3.5300000000
dvdt[33] = 1.3294363325

t2 = 4.1100000000
dvdt[43] = 1.4380172110
delta_x = 0.1640007221
delta_t = 0.5800000000

!!!!!!!! Propagation velocity = 282.759866 cm/s !!!!!!!!!!

=============================================================



[!] Propagation velocity! Id = 72
t1 = 3.4800000000
dvdt[62] = 1.2606608449

t2 = 4.0500000000
dvdt[72] = 1.4417811958
delta_x = 0.1639998561
delta_t = 0.5700000000

!!!!!!!! Propagation velocity = 287.719046 cm/s !!!!!!!!!!

=============================================================



[!] Propagation velocity! Id = 60
t1 = 4.5700000000
dvdt[50] = 1.3248243120

t2 = 7.6200000000
dvdt[60] = 1.7372627231
delta_x = 0.1639998561
delta_t = 3.0500000000

!!!!!!!! Propagation velocity = 53.770445 cm/s !!!!!!!!!!

=============================================================



[!] Propagation velocity! Id = 90
t1 = 4.5700000000
dvdt[80] = 1.3248243120

t2 = 7.6200000000
dvdt[90] = 1.7372627231
delta_x = 0.1639998561
delta_t = 3.0500000000

!!!!!!!! Propagation velocity = 53.770445 cm/s !!!!!!!!!!

=============================================================

