

[!] Propagation velocity! Id = 30
t1 = 2.3000000000
dvdt[25] = 3.5209045350

t2 = 2.5900000000
dvdt[30] = 3.5111482139
delta_x = 0.0820000000
delta_t = 0.2900000000

!!!!!!!! Propagation velocity = 282.758621 cm/s !!!!!!!!!!

=============================================================



[!] Propagation velocity! Id = 60
t1 = 4.1300000000
dvdt[55] = 3.5205178155

t2 = 4.4500000000
dvdt[60] = 3.5121700320
delta_x = 0.0819999280
delta_t = 0.3200000000

!!!!!!!! Propagation velocity = 256.249775 cm/s !!!!!!!!!!

=============================================================



[!] Propagation velocity! Id = 180
t1 = 4.1300000000
dvdt[175] = 3.5205178155

t2 = 4.4500000000
dvdt[180] = 3.5121700320
delta_x = 0.0819999280
delta_t = 0.3200000000

!!!!!!!! Propagation velocity = 256.249775 cm/s !!!!!!!!!!

=============================================================



[!] Propagation velocity! Id = 100
t1 = 6.8300000000
dvdt[95] = 3.5371398632

t2 = 7.2100000000
dvdt[100] = 3.5391210980
delta_x = 0.0820000000
delta_t = 0.3800000000

!!!!!!!! Propagation velocity = 215.789474 cm/s !!!!!!!!!!

=============================================================



[!] Propagation velocity! Id = 140
t1 = 6.8300000000
dvdt[135] = 3.5371398632

t2 = 7.2100000000
dvdt[140] = 3.5391210980
delta_x = 0.0819999280
delta_t = 0.3800000000

!!!!!!!! Propagation velocity = 215.789284 cm/s !!!!!!!!!!

=============================================================



[!] Propagation velocity! Id = 220
t1 = 6.8300000000
dvdt[215] = 3.5371398632

t2 = 7.2100000000
dvdt[220] = 3.5391210980
delta_x = 0.0819999280
delta_t = 0.3800000000

!!!!!!!! Propagation velocity = 215.789284 cm/s !!!!!!!!!!

=============================================================



[!] Propagation velocity! Id = 260
t1 = 6.8300000000
dvdt[255] = 3.5371398632

t2 = 7.2100000000
dvdt[260] = 3.5391210980
delta_x = 0.0820000000
delta_t = 0.3800000000

!!!!!!!! Propagation velocity = 215.789474 cm/s !!!!!!!!!!

=============================================================



[!] Propagation velocity! Id = 120
t1 = 8.3400000000
dvdt[115] = 3.6541689309

t2 = 8.6000000000
dvdt[120] = 6.4529315567
delta_x = 0.0820000000
delta_t = 0.2600000000

!!!!!!!! Propagation velocity = 315.384615 cm/s !!!!!!!!!!

=============================================================



[!] Propagation velocity! Id = 160
t1 = 8.3400000000
dvdt[155] = 3.6541689309

t2 = 8.6000000000
dvdt[160] = 6.4529315567
delta_x = 0.0819999280
delta_t = 0.2600000000

!!!!!!!! Propagation velocity = 315.384339 cm/s !!!!!!!!!!

=============================================================



[!] Propagation velocity! Id = 240
t1 = 8.3400000000
dvdt[235] = 3.6541689309

t2 = 8.6000000000
dvdt[240] = 6.4529315567
delta_x = 0.0819999280
delta_t = 0.2600000000

!!!!!!!! Propagation velocity = 315.384339 cm/s !!!!!!!!!!

=============================================================



[!] Propagation velocity! Id = 280
t1 = 8.3400000000
dvdt[275] = 3.6541689309

t2 = 8.6000000000
dvdt[280] = 6.4529315567
delta_x = 0.0820000000
delta_t = 0.2600000000

!!!!!!!! Propagation velocity = 315.384615 cm/s !!!!!!!!!!

=============================================================

