

[!] Propagation velocity! Id = 50
t1 = 4.0000000000
dvdt[45] = 1.4460473976

t2 = 4.3400000000
dvdt[50] = 1.4306148435
delta_x = 0.0820000000
delta_t = 0.3400000000

!!!!!!!! Propagation velocity = 241.176471 cm/s !!!!!!!!!!

=============================================================



[!] Propagation velocity! Id = 90
t1 = 6.9000000000
dvdt[85] = 1.4548592839

t2 = 7.2500000000
dvdt[90] = 1.4558769975
delta_x = 0.0819999280
delta_t = 0.3500000000

!!!!!!!! Propagation velocity = 234.285509 cm/s !!!!!!!!!!

=============================================================



[!] Propagation velocity! Id = 150
t1 = 6.9000000000
dvdt[145] = 1.4548592839

t2 = 7.2500000000
dvdt[150] = 1.4558769975
delta_x = 0.0819999280
delta_t = 0.3500000000

!!!!!!!! Propagation velocity = 234.285509 cm/s !!!!!!!!!!

=============================================================



[!] Propagation velocity! Id = 120
t1 = 9.0900000000
dvdt[115] = 0.9374039959

t2 = 14.5300000000
dvdt[120] = 1.4468076462
delta_x = 0.0819999280
delta_t = 5.4400000000

!!!!!!!! Propagation velocity = 15.073516 cm/s !!!!!!!!!!

=============================================================



[!] Propagation velocity! Id = 180
t1 = 9.0900000000
dvdt[175] = 0.9374039959

t2 = 14.5300000000
dvdt[180] = 1.4468076462
delta_x = 0.0819999280
delta_t = 5.4400000000

!!!!!!!! Propagation velocity = 15.073516 cm/s !!!!!!!!!!

=============================================================

