

[!] Propagation velocity! Id = 12
t1 = 0.9100000000
dvdt[2] = 4.2959994312

t2 = 1.5400000000
dvdt[12] = 3.6223737904
delta_x = 0.2000000000
delta_t = 0.6300000000

!!!!!!!! Propagation velocity = 317.460317 cm/s !!!!!!!!!!

=============================================================



[!] Propagation velocity! Id = 25
t1 = 1.7600000000
dvdt[15] = 3.5867987861

t2 = 2.5000000000
dvdt[25] = 3.5562910471
delta_x = 0.2000000000
delta_t = 0.7400000000

!!!!!!!! Propagation velocity = 270.270270 cm/s !!!!!!!!!!

=============================================================



[!] Propagation velocity! Id = 37
t1 = 2.6500000000
dvdt[27] = 3.5531515329

t2 = 3.3900000000
dvdt[37] = 3.5385061302
delta_x = 0.2000000000
delta_t = 0.7400000000

!!!!!!!! Propagation velocity = 270.270270 cm/s !!!!!!!!!!

=============================================================



[!] Propagation velocity! Id = 50
t1 = 3.6200000000
dvdt[40] = 3.5437323803

t2 = 26.5800000000
dvdt[50] = 2.3453696871
delta_x = 0.2000000000
delta_t = 22.9600000000

!!!!!!!! Propagation velocity = 8.710801 cm/s !!!!!!!!!!

=============================================================

