

[!] Propagation velocity! Id = 12
t1 = 1.1700000000
dvdt[2] = 3.8682387458

t2 = 1.5900000000
dvdt[12] = 3.6414912784
delta_x = 0.2000000000
delta_t = 0.4200000000

!!!!!!!! Propagation velocity = 476.190476 cm/s !!!!!!!!!!

=============================================================



[!] Propagation velocity! Id = 25
t1 = 1.7400000000
dvdt[15] = 3.5934858325

t2 = 2.2500000000
dvdt[25] = 3.5318123214
delta_x = 0.2000000000
delta_t = 0.5100000000

!!!!!!!! Propagation velocity = 392.156863 cm/s !!!!!!!!!!

=============================================================



[!] Propagation velocity! Id = 37
t1 = 2.3600000000
dvdt[27] = 3.5208606002

t2 = 2.8800000000
dvdt[37] = 3.5062605077
delta_x = 0.2000000000
delta_t = 0.5200000000

!!!!!!!! Propagation velocity = 384.615385 cm/s !!!!!!!!!!

=============================================================



[!] Propagation velocity! Id = 50
t1 = 3.0400000000
dvdt[40] = 3.4789179742

t2 = 8.6100000000
dvdt[50] = 4.0077478134
delta_x = 0.2000000000
delta_t = 5.5700000000

!!!!!!!! Propagation velocity = 35.906643 cm/s !!!!!!!!!!

=============================================================

