

[!] Propagation velocity! Id = 25
t1 = 2.5400000000
dvdt[15] = 1.3743929840

t2 = 2.8700000000
dvdt[25] = 1.4264989207
delta_x = 0.1000000000
delta_t = 0.3300000000

!!!!!!!! Propagation velocity = 303.030303 cm/s !!!!!!!!!!

=============================================================



[!] Propagation velocity! Id = 50
t1 = 3.4200000000
dvdt[40] = 1.4470737439

t2 = 3.7900000000
dvdt[50] = 1.4513581677
delta_x = 0.1000000000
delta_t = 0.3700000000

!!!!!!!! Propagation velocity = 270.270270 cm/s !!!!!!!!!!

=============================================================



[!] Propagation velocity! Id = 75
t1 = 4.3700000000
dvdt[65] = 1.4501715158

t2 = 4.7600000000
dvdt[75] = 1.4275491258
delta_x = 0.1000000000
delta_t = 0.3900000000

!!!!!!!! Propagation velocity = 256.410256 cm/s !!!!!!!!!!

=============================================================



[!] Propagation velocity! Id = 100
t1 = 5.3800000000
dvdt[90] = 1.0093460083

t2 = 9.9600000000
dvdt[100] = 1.5278130626
delta_x = 0.1000000000
delta_t = 4.5800000000

!!!!!!!! Propagation velocity = 21.834061 cm/s !!!!!!!!!!

=============================================================

