

[!] Propagation velocity! Id = 59
t1 = 3.7900000000
dvdt[49] = 3.5205057962

t2 = 4.4000000000
dvdt[59] = 3.5188406084
delta_x = 0.1640000000
delta_t = 0.6100000000

!!!!!!!! Propagation velocity = 268.852459 cm/s !!!!!!!!!!

=============================================================



[!] Propagation velocity! Id = 119
t1 = 7.4600000000
dvdt[109] = 3.5145547735

t2 = 8.0800000000
dvdt[119] = 3.5109288941
delta_x = 0.1640000000
delta_t = 0.6200000000

!!!!!!!! Propagation velocity = 264.516129 cm/s !!!!!!!!!!

=============================================================



[!] Propagation velocity! Id = 178
t1 = 11.0800000000
dvdt[168] = 3.5134460692

t2 = 11.6900000000
dvdt[178] = 3.5185219952
delta_x = 0.1640000000
delta_t = 0.6100000000

!!!!!!!! Propagation velocity = 268.852459 cm/s !!!!!!!!!!

=============================================================



[!] Propagation velocity! Id = 242
t1 = 15.0000000000
dvdt[232] = 3.4997073457

t2 = 38.6300000000
dvdt[242] = 2.2566807558
delta_x = 0.1640000000
delta_t = 23.6300000000

!!!!!!!! Propagation velocity = 6.940330 cm/s !!!!!!!!!!

=============================================================

