

[!] Propagation velocity! Id = 50
t1 = 3.2100000000
dvdt[45] = 3.5026615181

t2 = 3.4600000000
dvdt[50] = 3.4981401068
delta_x = 0.0820000000
delta_t = 0.2500000000

!!!!!!!! Propagation velocity = 328.000000 cm/s !!!!!!!!!!

=============================================================



[!] Propagation velocity! Id = 90
t1 = 5.3100000000
dvdt[85] = 3.5029165355

t2 = 5.5700000000
dvdt[90] = 3.5007186034
delta_x = 0.0819999280
delta_t = 0.2600000000

!!!!!!!! Propagation velocity = 315.384339 cm/s !!!!!!!!!!

=============================================================



[!] Propagation velocity! Id = 150
t1 = 5.3100000000
dvdt[145] = 3.5029165355

t2 = 5.5700000000
dvdt[150] = 3.5007186034
delta_x = 0.0819999280
delta_t = 0.2600000000

!!!!!!!! Propagation velocity = 315.384339 cm/s !!!!!!!!!!

=============================================================



[!] Propagation velocity! Id = 120
t1 = 6.8900000000
dvdt[115] = 3.0006793874

t2 = 24.2500000000
dvdt[120] = 2.7098054143
delta_x = 0.0819999280
delta_t = 17.3600000000

!!!!!!!! Propagation velocity = 4.723498 cm/s !!!!!!!!!!

=============================================================



[!] Propagation velocity! Id = 180
t1 = 6.8900000000
dvdt[175] = 3.0006793874

t2 = 24.2500000000
dvdt[180] = 2.7098054144
delta_x = 0.0819999280
delta_t = 17.3600000000

!!!!!!!! Propagation velocity = 4.723498 cm/s !!!!!!!!!!

=============================================================

