

[!] Propagation velocity! Id = 59
t1 = 4.4000000000
dvdt[54] = 1.4472887772

t2 = 4.7100000000
dvdt[59] = 1.4473441829
delta_x = 0.0820000000
delta_t = 0.3100000000

!!!!!!!! Propagation velocity = 264.516129 cm/s !!!!!!!!!!

=============================================================



[!] Propagation velocity! Id = 119
t1 = 8.1200000000
dvdt[114] = 1.4476568687

t2 = 8.4300000000
dvdt[119] = 1.4477192487
delta_x = 0.0820000000
delta_t = 0.3100000000

!!!!!!!! Propagation velocity = 264.516129 cm/s !!!!!!!!!!

=============================================================



[!] Propagation velocity! Id = 178
t1 = 11.7800000000
dvdt[173] = 1.4496110539

t2 = 12.0900000000
dvdt[178] = 1.4499147134
delta_x = 0.0820000000
delta_t = 0.3100000000

!!!!!!!! Propagation velocity = 264.516129 cm/s !!!!!!!!!!

=============================================================



[!] Propagation velocity! Id = 242
t1 = 15.8300000000
dvdt[237] = 0.9388814316

t2 = 17.3500000000
dvdt[242] = 1.9276950723
delta_x = 0.0820000000
delta_t = 1.5200000000

!!!!!!!! Propagation velocity = 53.947368 cm/s !!!!!!!!!!

=============================================================

