

[!] Propagation velocity! Id = 59
t1 = 3.8500000000
dvdt[54] = 3.5094898099

t2 = 4.1200000000
dvdt[59] = 3.5055788823
delta_x = 0.0820000000
delta_t = 0.2700000000

!!!!!!!! Propagation velocity = 303.703704 cm/s !!!!!!!!!!

=============================================================



[!] Propagation velocity! Id = 119
t1 = 7.1400000000
dvdt[114] = 3.5003212763

t2 = 7.4100000000
dvdt[119] = 3.5073662669
delta_x = 0.0820000000
delta_t = 0.2700000000

!!!!!!!! Propagation velocity = 303.703704 cm/s !!!!!!!!!!

=============================================================



[!] Propagation velocity! Id = 178
t1 = 10.3700000000
dvdt[173] = 3.5061872437

t2 = 10.6400000000
dvdt[178] = 3.5037969846
delta_x = 0.0820000000
delta_t = 0.2700000000

!!!!!!!! Propagation velocity = 303.703704 cm/s !!!!!!!!!!

=============================================================



[!] Propagation velocity! Id = 242
t1 = 13.8900000000
dvdt[237] = 3.0651639273

t2 = 28.2600000000
dvdt[242] = 2.9864217806
delta_x = 0.0820000000
delta_t = 14.3700000000

!!!!!!!! Propagation velocity = 5.706333 cm/s !!!!!!!!!!

=============================================================

