

[!] Propagation velocity! Id = 95
t1 = 1003.3000000000
dvdt[50] = 65.3250199312

t2 = 1005.0000000000
dvdt[95] = 72.3707710478
delta_x = 0.4500000000
delta_t = 1.7000000000

!!!!!!!! Propagation velocity = 264.705882 cm/s !!!!!!!!!!

=============================================================



[!] Propagation velocity! Id = 140
t1 = 1003.3000000000
dvdt[50] = 65.3250199312

t2 = 1006.7000000000
dvdt[140] = 51.4427790927
delta_x = 0.9000000000
delta_t = 3.4000000000

!!!!!!!! Propagation velocity = 264.705882 cm/s !!!!!!!!!!

=============================================================



[!] Propagation velocity! Id = 185
t1 = 1003.3000000000
dvdt[50] = 65.3250199312

t2 = 1008.3000000000
dvdt[185] = 68.8131620796
delta_x = 1.3500000000
delta_t = 5.0000000000

!!!!!!!! Propagation velocity = 270.000000 cm/s !!!!!!!!!!

=============================================================



[!] Propagation velocity! Id = 230
t1 = 1003.3000000000
dvdt[50] = 65.3250199312

t2 = 1010.0000000000
dvdt[230] = 71.2611643898
delta_x = 1.8000000000
delta_t = 6.7000000000

!!!!!!!! Propagation velocity = 268.656716 cm/s !!!!!!!!!!

=============================================================



[!] Propagation velocity! Id = 275
t1 = 1003.3000000000
dvdt[50] = 65.3250199312

t2 = 1011.6000000000
dvdt[275] = 49.9997472458
delta_x = 2.2500000000
delta_t = 8.3000000000

!!!!!!!! Propagation velocity = 271.084337 cm/s !!!!!!!!!!

=============================================================



[!] Propagation velocity! Id = 320
t1 = 1003.3000000000
dvdt[50] = 65.3250199312

t2 = 1013.3000000000
dvdt[320] = 70.6194832687
delta_x = 2.7000000000
delta_t = 10.0000000000

!!!!!!!! Propagation velocity = 270.000000 cm/s !!!!!!!!!!

=============================================================



[!] Propagation velocity! Id = 365
t1 = 1003.3000000000
dvdt[50] = 65.3250199312

t2 = 1015.0000000000
dvdt[365] = 69.6341693023
delta_x = 3.1500000000
delta_t = 11.7000000000

!!!!!!!! Propagation velocity = 269.230769 cm/s !!!!!!!!!!

=============================================================



[!] Propagation velocity! Id = 410
t1 = 1003.3000000000
dvdt[50] = 65.3250199312

t2 = 1016.6000000000
dvdt[410] = 52.9904615924
delta_x = 3.6000000000
delta_t = 13.3000000000

!!!!!!!! Propagation velocity = 270.676692 cm/s !!!!!!!!!!

=============================================================



[!] Propagation velocity! Id = 455
t1 = 1003.3000000000
dvdt[50] = 65.3250199312

t2 = 1018.3000000000
dvdt[455] = 72.0992688068
delta_x = 4.0500000000
delta_t = 15.0000000000

!!!!!!!! Propagation velocity = 270.000000 cm/s !!!!!!!!!!

=============================================================



[!] Propagation velocity! Id = 500
t1 = 1003.3000000000
dvdt[50] = 65.3250199312

t2 = 1019.8000000000
dvdt[500] = 84.1011839939
delta_x = 4.5000000000
delta_t = 16.5000000000

!!!!!!!! Propagation velocity = 272.727273 cm/s !!!!!!!!!!

=============================================================

