

[!] Propagation velocity! Id = 125
t1 = 9.6400000000
dvdt[115] = 1.4483616902

t2 = 10.4000000000
dvdt[125] = 1.4483275980
delta_x = 0.2000000000
delta_t = 0.7600000000

!!!!!!!! Propagation velocity = 263.157895 cm/s !!!!!!!!!!

=============================================================



[!] Propagation velocity! Id = 250
t1 = 19.1800000000
dvdt[240] = 1.4481802613

t2 = 19.9500000000
dvdt[250] = 1.4484534266
delta_x = 0.2000000000
delta_t = 0.7700000000

!!!!!!!! Propagation velocity = 259.740260 cm/s !!!!!!!!!!

=============================================================



[!] Propagation velocity! Id = 375
t1 = 28.7300000000
dvdt[365] = 1.4489814263

t2 = 29.5000000000
dvdt[375] = 1.4493629970
delta_x = 0.2000000000
delta_t = 0.7700000000

!!!!!!!! Propagation velocity = 259.740260 cm/s !!!!!!!!!!

=============================================================



[!] Propagation velocity! Id = 500
t1 = 38.3500000000
dvdt[490] = 1.3894811388

t2 = 43.3900000000
dvdt[500] = 1.5250195171
delta_x = 0.2000000000
delta_t = 5.0400000000

!!!!!!!! Propagation velocity = 39.682540 cm/s !!!!!!!!!!

=============================================================

