

[!] Propagation velocity! Id = 200
t1 = 12.9400000000
dvdt[190] = 1.4473521080

t2 = 13.5700000000
dvdt[200] = 1.4471585255
delta_x = 0.1640000000
delta_t = 0.6300000000

!!!!!!!! Propagation velocity = 260.317460 cm/s !!!!!!!!!!

=============================================================



[!] Propagation velocity! Id = 304
t1 = 19.4600000000
dvdt[294] = 1.4010177918

t2 = 20.4700000000
dvdt[304] = 1.0375168517
delta_x = 0.1640000000
delta_t = 1.0100000000

!!!!!!!! Propagation velocity = 162.376238 cm/s !!!!!!!!!!

=============================================================



[!] Propagation velocity! Id = 450
t1 = 28.8800000000
dvdt[440] = 1.4478740003

t2 = 29.5100000000
dvdt[450] = 1.4480927221
delta_x = 0.1639998561
delta_t = 0.6300000000

!!!!!!!! Propagation velocity = 260.317232 cm/s !!!!!!!!!!

=============================================================



[!] Propagation velocity! Id = 758
t1 = 29.1300000000
dvdt[748] = 1.4478431357

t2 = 29.7600000000
dvdt[758] = 1.4481255137
delta_x = 0.1639998561
delta_t = 0.6300000000

!!!!!!!! Propagation velocity = 260.317232 cm/s !!!!!!!!!!

=============================================================



[!] Propagation velocity! Id = 608
t1 = 38.8300000000
dvdt[598] = 1.3438851247

t2 = 40.7400000000
dvdt[608] = 1.8489970885
delta_x = 0.1639998561
delta_t = 1.9100000000

!!!!!!!! Propagation velocity = 85.863799 cm/s !!!!!!!!!!

=============================================================



[!] Propagation velocity! Id = 912
t1 = 38.8300000000
dvdt[902] = 1.3438851247

t2 = 40.7400000000
dvdt[912] = 1.8489970885
delta_x = 0.1639998561
delta_t = 1.9100000000

!!!!!!!! Propagation velocity = 85.863799 cm/s !!!!!!!!!!

=============================================================

