

[!] Propagation velocity! Id = 50
t1 = 3.9300000000
dvdt[40] = 1.4532680596

t2 = 4.7000000000
dvdt[50] = 1.4531780578
delta_x = 0.2000000000
delta_t = 0.7700000000

!!!!!!!! Propagation velocity = 259.740260 cm/s !!!!!!!!!!

=============================================================



[!] Propagation velocity! Id = 100
t1 = 7.7700000000
dvdt[90] = 1.4312645455

t2 = 8.9300000000
dvdt[100] = 1.0331439718
delta_x = 0.2000000000
delta_t = 1.1600000000

!!!!!!!! Propagation velocity = 172.413793 cm/s !!!!!!!!!!

=============================================================



[!] Propagation velocity! Id = 150
t1 = 11.9100000000
dvdt[140] = 1.4591515538

t2 = 12.6800000000
dvdt[150] = 1.4602222769
delta_x = 0.1999999301
delta_t = 0.7700000000

!!!!!!!! Propagation velocity = 259.740169 cm/s !!!!!!!!!!

=============================================================



[!] Propagation velocity! Id = 250
t1 = 11.9100000000
dvdt[240] = 1.4591515538

t2 = 12.6800000000
dvdt[250] = 1.4602222769
delta_x = 0.1999999301
delta_t = 0.7700000000

!!!!!!!! Propagation velocity = 259.740169 cm/s !!!!!!!!!!

=============================================================



[!] Propagation velocity! Id = 200
t1 = 15.8100000000
dvdt[190] = 1.3900111032

t2 = 16.7200000000
dvdt[200] = 0.0281456313
delta_x = 0.1999999301
delta_t = 0.9100000000

!!!!!!!! Propagation velocity = 219.780143 cm/s !!!!!!!!!!

=============================================================



[!] Propagation velocity! Id = 300
t1 = 15.8100000000
dvdt[290] = 1.3900111032

t2 = 16.7200000000
dvdt[300] = 0.0281456313
delta_x = 0.1999999301
delta_t = 0.9100000000

!!!!!!!! Propagation velocity = 219.780143 cm/s !!!!!!!!!!

=============================================================

