

[!] Propagation velocity! Id = 59
t1 = 3.9700000000
dvdt[54] = 3.5154468610

t2 = 4.2600000000
dvdt[59] = 3.5148285764
delta_x = 0.0820000000
delta_t = 0.2900000000

!!!!!!!! Propagation velocity = 282.758621 cm/s !!!!!!!!!!

=============================================================



[!] Propagation velocity! Id = 119
t1 = 7.4500000000
dvdt[114] = 3.5066594086

t2 = 7.7500000000
dvdt[119] = 3.5077118082
delta_x = 0.0820000000
delta_t = 0.3000000000

!!!!!!!! Propagation velocity = 273.333333 cm/s !!!!!!!!!!

=============================================================



[!] Propagation velocity! Id = 178
t1 = 10.8800000000
dvdt[173] = 3.5157430808

t2 = 11.1700000000
dvdt[178] = 3.5156829618
delta_x = 0.0820000000
delta_t = 0.2900000000

!!!!!!!! Propagation velocity = 282.758621 cm/s !!!!!!!!!!

=============================================================



[!] Propagation velocity! Id = 242
t1 = 14.6100000000
dvdt[237] = 3.1384779750

t2 = 14.9800000000
dvdt[242] = 0.1111082637
delta_x = 0.0820000000
delta_t = 0.3700000000

!!!!!!!! Propagation velocity = 221.621622 cm/s !!!!!!!!!!

=============================================================

