

[!] Propagation velocity! Id = 30
t1 = 2.3000000000
dvdt[25] = 3.5283045292

t2 = 2.5900000000
dvdt[30] = 3.5162224060
delta_x = 0.0820000000
delta_t = 0.2900000000

!!!!!!!! Propagation velocity = 282.758621 cm/s !!!!!!!!!!

=============================================================



[!] Propagation velocity! Id = 60
t1 = 4.1500000000
dvdt[55] = 3.5170208349

t2 = 4.4600000000
dvdt[60] = 3.5124880461
delta_x = 0.0819999280
delta_t = 0.3100000000

!!!!!!!! Propagation velocity = 264.515897 cm/s !!!!!!!!!!

=============================================================



[!] Propagation velocity! Id = 180
t1 = 4.1500000000
dvdt[175] = 3.5170208349

t2 = 4.4600000000
dvdt[180] = 3.5124880461
delta_x = 0.0819999280
delta_t = 0.3100000000

!!!!!!!! Propagation velocity = 264.515897 cm/s !!!!!!!!!!

=============================================================



[!] Propagation velocity! Id = 100
t1 = 6.7100000000
dvdt[95] = 3.5199748765

t2 = 7.0400000000
dvdt[100] = 3.5192284746
delta_x = 0.0820000000
delta_t = 0.3300000000

!!!!!!!! Propagation velocity = 248.484848 cm/s !!!!!!!!!!

=============================================================



[!] Propagation velocity! Id = 140
t1 = 6.7100000000
dvdt[135] = 3.5199748765

t2 = 7.0400000000
dvdt[140] = 3.5192284746
delta_x = 0.0819999280
delta_t = 0.3300000000

!!!!!!!! Propagation velocity = 248.484630 cm/s !!!!!!!!!!

=============================================================



[!] Propagation velocity! Id = 220
t1 = 6.7100000000
dvdt[215] = 3.5199748765

t2 = 7.0400000000
dvdt[220] = 3.5192284746
delta_x = 0.0819999280
delta_t = 0.3300000000

!!!!!!!! Propagation velocity = 248.484630 cm/s !!!!!!!!!!

=============================================================



[!] Propagation velocity! Id = 260
t1 = 6.7100000000
dvdt[255] = 3.5199748765

t2 = 7.0400000000
dvdt[260] = 3.5192284746
delta_x = 0.0820000000
delta_t = 0.3300000000

!!!!!!!! Propagation velocity = 248.484848 cm/s !!!!!!!!!!

=============================================================



[!] Propagation velocity! Id = 120
t1 = 8.0100000000
dvdt[115] = 3.7131672343

t2 = 8.2200000000
dvdt[120] = 6.5070933791
delta_x = 0.0820000000
delta_t = 0.2100000000

!!!!!!!! Propagation velocity = 390.476190 cm/s !!!!!!!!!!

=============================================================



[!] Propagation velocity! Id = 160
t1 = 8.0100000000
dvdt[155] = 3.7131672343

t2 = 8.2200000000
dvdt[160] = 6.5070933791
delta_x = 0.0819999280
delta_t = 0.2100000000

!!!!!!!! Propagation velocity = 390.475848 cm/s !!!!!!!!!!

=============================================================



[!] Propagation velocity! Id = 240
t1 = 8.0100000000
dvdt[235] = 3.7131672343

t2 = 8.2200000000
dvdt[240] = 6.5070933791
delta_x = 0.0819999280
delta_t = 0.2100000000

!!!!!!!! Propagation velocity = 390.475848 cm/s !!!!!!!!!!

=============================================================



[!] Propagation velocity! Id = 280
t1 = 8.0100000000
dvdt[275] = 3.7131672343

t2 = 8.2200000000
dvdt[280] = 6.5070933791
delta_x = 0.0820000000
delta_t = 0.2100000000

!!!!!!!! Propagation velocity = 390.476190 cm/s !!!!!!!!!!

=============================================================

