

[!] Propagation velocity! Id = 14
t1 = 1.4500000000
dvdt[4] = 1.5895822275

t2 = 1.9700000000
dvdt[14] = 1.4536292608
delta_x = 0.1640000000
delta_t = 0.5200000000

!!!!!!!! Propagation velocity = 315.384615 cm/s !!!!!!!!!!

=============================================================



[!] Propagation velocity! Id = 30
t1 = 2.3500000000
dvdt[20] = 1.4056451467

t2 = 3.3700000000
dvdt[30] = 1.0432765242
delta_x = 0.1640000000
delta_t = 1.0200000000

!!!!!!!! Propagation velocity = 160.784314 cm/s !!!!!!!!!!

=============================================================



[!] Propagation velocity! Id = 43
t1 = 3.5200000000
dvdt[33] = 1.3271594167

t2 = 4.1000000000
dvdt[43] = 1.4386486719
delta_x = 0.1640007221
delta_t = 0.5800000000

!!!!!!!! Propagation velocity = 282.759866 cm/s !!!!!!!!!!

=============================================================



[!] Propagation velocity! Id = 72
t1 = 3.4700000000
dvdt[62] = 1.2586416319

t2 = 4.0400000000
dvdt[72] = 1.4414714339
delta_x = 0.1639998561
delta_t = 0.5700000000

!!!!!!!! Propagation velocity = 287.719046 cm/s !!!!!!!!!!

=============================================================



[!] Propagation velocity! Id = 60
t1 = 4.5600000000
dvdt[50] = 1.3417921896

t2 = 6.4600000000
dvdt[60] = 1.8499040968
delta_x = 0.1639998561
delta_t = 1.9000000000

!!!!!!!! Propagation velocity = 86.315714 cm/s !!!!!!!!!!

=============================================================



[!] Propagation velocity! Id = 90
t1 = 4.5600000000
dvdt[80] = 1.3417921896

t2 = 6.4600000000
dvdt[90] = 1.8499040968
delta_x = 0.1639998561
delta_t = 1.9000000000

!!!!!!!! Propagation velocity = 86.315714 cm/s !!!!!!!!!!

=============================================================

