

[!] Propagation velocity! Id = 59
t1 = 4.4100000000
dvdt[54] = 1.4475283426

t2 = 4.7200000000
dvdt[59] = 1.4475181615
delta_x = 0.0820000000
delta_t = 0.3100000000

!!!!!!!! Propagation velocity = 264.516129 cm/s !!!!!!!!!!

=============================================================



[!] Propagation velocity! Id = 119
t1 = 8.1200000000
dvdt[114] = 1.4480979129

t2 = 8.4300000000
dvdt[119] = 1.4481919710
delta_x = 0.0820000000
delta_t = 0.3100000000

!!!!!!!! Propagation velocity = 264.516129 cm/s !!!!!!!!!!

=============================================================



[!] Propagation velocity! Id = 178
t1 = 11.7900000000
dvdt[173] = 1.4515204590

t2 = 12.1000000000
dvdt[178] = 1.4520075539
delta_x = 0.0820000000
delta_t = 0.3100000000

!!!!!!!! Propagation velocity = 264.516129 cm/s !!!!!!!!!!

=============================================================



[!] Propagation velocity! Id = 242
t1 = 15.8300000000
dvdt[237] = 0.8268253179

t2 = 23.8400000000
dvdt[242] = 1.2271318816
delta_x = 0.0820000000
delta_t = 8.0100000000

!!!!!!!! Propagation velocity = 10.237203 cm/s !!!!!!!!!!

=============================================================

