

[!] Propagation velocity! Id = 250
t1 = 10.9300000000
dvdt[240] = 1.4454335882

t2 = 11.3200000000
dvdt[250] = 1.4455214868
delta_x = 0.1000000000
delta_t = 0.3900000000

!!!!!!!! Propagation velocity = 256.410256 cm/s !!!!!!!!!!

=============================================================



[!] Propagation velocity! Id = 500
t1 = 20.4700000000
dvdt[490] = 1.4458421467

t2 = 20.8500000000
dvdt[500] = 1.4458721729
delta_x = 0.1000000000
delta_t = 0.3800000000

!!!!!!!! Propagation velocity = 263.157895 cm/s !!!!!!!!!!

=============================================================



[!] Propagation velocity! Id = 750
t1 = 30.0100000000
dvdt[740] = 1.4465241032

t2 = 30.3900000000
dvdt[750] = 1.4467284150
delta_x = 0.1000000000
delta_t = 0.3800000000

!!!!!!!! Propagation velocity = 263.157895 cm/s !!!!!!!!!!

=============================================================



[!] Propagation velocity! Id = 1000
t1 = 39.6500000000
dvdt[990] = 1.0169678357

t2 = 44.2600000000
dvdt[1000] = 1.5171256047
delta_x = 0.1000000000
delta_t = 4.6100000000

!!!!!!!! Propagation velocity = 21.691974 cm/s !!!!!!!!!!

=============================================================

