

[!] Propagation velocity! Id = 59
t1 = 3.9800000000
dvdt[54] = 3.5061216876

t2 = 4.2700000000
dvdt[59] = 3.5077422170
delta_x = 0.0820000000
delta_t = 0.2900000000

!!!!!!!! Propagation velocity = 282.758621 cm/s !!!!!!!!!!

=============================================================



[!] Propagation velocity! Id = 119
t1 = 7.4600000000
dvdt[114] = 3.5046092539

t2 = 7.7600000000
dvdt[119] = 3.5047235561
delta_x = 0.0820000000
delta_t = 0.3000000000

!!!!!!!! Propagation velocity = 273.333333 cm/s !!!!!!!!!!

=============================================================



[!] Propagation velocity! Id = 178
t1 = 10.9000000000
dvdt[173] = 3.5101707063

t2 = 11.1900000000
dvdt[178] = 3.5110610030
delta_x = 0.0820000000
delta_t = 0.2900000000

!!!!!!!! Propagation velocity = 282.758621 cm/s !!!!!!!!!!

=============================================================



[!] Propagation velocity! Id = 242
t1 = 14.6400000000
dvdt[237] = 3.1403525535

t2 = 24.7200000000
dvdt[242] = 3.4328182192
delta_x = 0.0820000000
delta_t = 10.0800000000

!!!!!!!! Propagation velocity = 8.134921 cm/s !!!!!!!!!!

=============================================================

