

[!] Propagation velocity! Id = 148
t1 = 9.2500000000
dvdt[138] = 3.5158260388

t2 = 9.8600000000
dvdt[148] = 3.5162060977
delta_x = 0.1640000000
delta_t = 0.6100000000

!!!!!!!! Propagation velocity = 268.852459 cm/s !!!!!!!!!!

=============================================================



[!] Propagation velocity! Id = 297
t1 = 18.3900000000
dvdt[287] = 3.5103142755

t2 = 19.0000000000
dvdt[297] = 3.5168883557
delta_x = 0.1640000000
delta_t = 0.6100000000

!!!!!!!! Propagation velocity = 268.852459 cm/s !!!!!!!!!!

=============================================================



[!] Propagation velocity! Id = 445
t1 = 27.4600000000
dvdt[435] = 3.5172951007

t2 = 28.0700000000
dvdt[445] = 3.5115080314
delta_x = 0.1640000000
delta_t = 0.6100000000

!!!!!!!! Propagation velocity = 268.852459 cm/s !!!!!!!!!!

=============================================================



[!] Propagation velocity! Id = 608
t1 = 37.4600000000
dvdt[598] = 3.5005550697

t2 = 42.1000000000
dvdt[608] = 4.1957662058
delta_x = 0.1640000000
delta_t = 4.6400000000

!!!!!!!! Propagation velocity = 35.344828 cm/s !!!!!!!!!!

=============================================================

