

[!] Propagation velocity! Id = 59
t1 = 3.8400000000
dvdt[54] = 3.5041909733

t2 = 4.1200000000
dvdt[59] = 3.5094936762
delta_x = 0.0820000000
delta_t = 0.2800000000

!!!!!!!! Propagation velocity = 292.857143 cm/s !!!!!!!!!!

=============================================================



[!] Propagation velocity! Id = 119
t1 = 7.1300000000
dvdt[114] = 3.5064384554

t2 = 7.4000000000
dvdt[119] = 3.5107143887
delta_x = 0.0820000000
delta_t = 0.2700000000

!!!!!!!! Propagation velocity = 303.703704 cm/s !!!!!!!!!!

=============================================================



[!] Propagation velocity! Id = 178
t1 = 10.3500000000
dvdt[173] = 3.5059220576

t2 = 10.6300000000
dvdt[178] = 3.5072296957
delta_x = 0.0820000000
delta_t = 0.2800000000

!!!!!!!! Propagation velocity = 292.857143 cm/s !!!!!!!!!!

=============================================================



[!] Propagation velocity! Id = 242
t1 = 13.8700000000
dvdt[237] = 3.0664631785

t2 = 14.2000000000
dvdt[242] = 0.1116365804
delta_x = 0.0820000000
delta_t = 0.3300000000

!!!!!!!! Propagation velocity = 248.484848 cm/s !!!!!!!!!!

=============================================================

