

[!] Propagation velocity! Id = 59
t1 = 4.8500000000
dvdt[54] = 1.4485354144

t2 = 5.2200000000
dvdt[59] = 1.4485031222
delta_x = 0.0820000000
delta_t = 0.3700000000

!!!!!!!! Propagation velocity = 221.621622 cm/s !!!!!!!!!!

=============================================================



[!] Propagation velocity! Id = 119
t1 = 9.2500000000
dvdt[114] = 1.4483846223

t2 = 9.6200000000
dvdt[119] = 1.4485003620
delta_x = 0.0820000000
delta_t = 0.3700000000

!!!!!!!! Propagation velocity = 221.621622 cm/s !!!!!!!!!!

=============================================================



[!] Propagation velocity! Id = 178
t1 = 13.5800000000
dvdt[173] = 1.4502245972

t2 = 13.9500000000
dvdt[178] = 1.4508908680
delta_x = 0.0820000000
delta_t = 0.3700000000

!!!!!!!! Propagation velocity = 221.621622 cm/s !!!!!!!!!!

=============================================================



[!] Propagation velocity! Id = 242
t1 = 18.3700000000
dvdt[237] = 0.9886137831

t2 = 21.4800000000
dvdt[242] = 1.7103131851
delta_x = 0.0820000000
delta_t = 3.1100000000

!!!!!!!! Propagation velocity = 26.366559 cm/s !!!!!!!!!!

=============================================================

