

[!] Propagation velocity! Id = 59
t1 = 4.7300000000
dvdt[54] = 3.5438357999

t2 = 5.1100000000
dvdt[59] = 3.5430717655
delta_x = 0.0820000000
delta_t = 0.3800000000

!!!!!!!! Propagation velocity = 215.789474 cm/s !!!!!!!!!!

=============================================================



[!] Propagation velocity! Id = 119
t1 = 9.2900000000
dvdt[114] = 3.5377560723

t2 = 9.6700000000
dvdt[119] = 3.5378952904
delta_x = 0.0820000000
delta_t = 0.3800000000

!!!!!!!! Propagation velocity = 215.789474 cm/s !!!!!!!!!!

=============================================================



[!] Propagation velocity! Id = 232
t1 = 17.8900000000
dvdt[227] = 3.5334188738

t2 = 18.2700000000
dvdt[232] = 3.5381127238
delta_x = 0.0820000000
delta_t = 0.3800000000

!!!!!!!! Propagation velocity = 215.789474 cm/s !!!!!!!!!!

=============================================================



[!] Propagation velocity! Id = 242
t1 = 18.6400000000
dvdt[237] = 3.6461218805

t2 = 18.9100000000
dvdt[242] = 6.4549428451
delta_x = 0.0820000000
delta_t = 0.2700000000

!!!!!!!! Propagation velocity = 303.703704 cm/s !!!!!!!!!!

=============================================================

