

[!] Propagation velocity! Id = 59
t1 = 5.0300000000
dvdt[54] = 1.4502382482

t2 = 5.4100000000
dvdt[59] = 1.4502760281
delta_x = 0.0820000000
delta_t = 0.3800000000

!!!!!!!! Propagation velocity = 215.789474 cm/s !!!!!!!!!!

=============================================================



[!] Propagation velocity! Id = 119
t1 = 9.6800000000
dvdt[114] = 1.4518516198

t2 = 10.0600000000
dvdt[119] = 1.4520445908
delta_x = 0.0820000000
delta_t = 0.3800000000

!!!!!!!! Propagation velocity = 215.789474 cm/s !!!!!!!!!!

=============================================================



[!] Propagation velocity! Id = 178
t1 = 14.2700000000
dvdt[173] = 1.4565091527

t2 = 14.6600000000
dvdt[178] = 1.4571768520
delta_x = 0.0820000000
delta_t = 0.3900000000

!!!!!!!! Propagation velocity = 210.256410 cm/s !!!!!!!!!!

=============================================================



[!] Propagation velocity! Id = 242
t1 = 19.3500000000
dvdt[237] = 0.9880832976

t2 = 20.1100000000
dvdt[242] = 0.0262567834
delta_x = 0.0820000000
delta_t = 0.7600000000

!!!!!!!! Propagation velocity = 107.894737 cm/s !!!!!!!!!!

=============================================================

