

[!] Propagation velocity! Id = 36
t1 = 0.5600000000
dvdt[26] = 0.0703871538

t2 = 1.0800000000
dvdt[36] = 0.0504453187
delta_x = 0.0680000000
delta_t = 0.5200000000

!!!!!!!! Propagation velocity = 130.769231 cm/s !!!!!!!!!!

=============================================================



[!] Propagation velocity! Id = 73
t1 = 3.1700000000
dvdt[63] = 0.0290246368

t2 = 3.2800000000
dvdt[73] = 0.0238025997
delta_x = 0.0680000000
delta_t = 0.1100000000

!!!!!!!! Propagation velocity = 618.181818 cm/s !!!!!!!!!!

=============================================================



[!] Propagation velocity! Id = 109
t1 = 3.6500000000
dvdt[99] = 0.0131143607

t2 = 3.8100000000
dvdt[109] = 0.0099404937
delta_x = 0.0680000000
delta_t = 0.1600000000

!!!!!!!! Propagation velocity = 425.000000 cm/s !!!!!!!!!!

=============================================================



[!] Propagation velocity! Id = 146
t1 = 4.1300000000
dvdt[136] = 0.0026095784

t2 = 5.8500000000
dvdt[146] = 0.0000853095
delta_x = 0.0680000000
delta_t = 1.7200000000

!!!!!!!! Propagation velocity = 39.534884 cm/s !!!!!!!!!!

=============================================================

