

[!] Propagation velocity! Id = 36
t1 = 2.0100000000
dvdt[26] = 0.0958859414

t2 = 2.0500000000
dvdt[36] = 0.0760116162
delta_x = 0.0680000000
delta_t = 0.0400000000

!!!!!!!! Propagation velocity = 1700.000000 cm/s !!!!!!!!!!

=============================================================



[!] Propagation velocity! Id = 73
t1 = 2.2600000000
dvdt[63] = 0.0333654026

t2 = 2.4400000000
dvdt[73] = 0.0211615029
delta_x = 0.0680000000
delta_t = 0.1800000000

!!!!!!!! Propagation velocity = 377.777778 cm/s !!!!!!!!!!

=============================================================



[!] Propagation velocity! Id = 109
t1 = 3.0000000000
dvdt[99] = 0.0108888624

t2 = 3.2200000000
dvdt[109] = 0.0082797564
delta_x = 0.0680002360
delta_t = 0.2200000000

!!!!!!!! Propagation velocity = 309.091982 cm/s !!!!!!!!!!

=============================================================



[!] Propagation velocity! Id = 182
t1 = 3.0000000000
dvdt[172] = 0.0108888624

t2 = 3.2200000000
dvdt[182] = 0.0082797564
delta_x = 0.0680002360
delta_t = 0.2200000000

!!!!!!!! Propagation velocity = 309.091982 cm/s !!!!!!!!!!

=============================================================



[!] Propagation velocity! Id = 146
t1 = 3.7400000000
dvdt[136] = 0.0025668440

t2 = 6.0000000000
dvdt[146] = 0.0009962848
delta_x = 0.0680002360
delta_t = 2.2600000000

!!!!!!!! Propagation velocity = 30.088600 cm/s !!!!!!!!!!

=============================================================



[!] Propagation velocity! Id = 219
t1 = 3.7400000000
dvdt[209] = 0.0025668440

t2 = 6.0000000000
dvdt[219] = 0.0009962848
delta_x = 0.0680002360
delta_t = 2.2600000000

!!!!!!!! Propagation velocity = 30.088600 cm/s !!!!!!!!!!

=============================================================

