

[!] Propagation velocity! Id = 30
t1 = 2.2500000000
dvdt[25] = 3.5338356780

t2 = 2.4900000000
dvdt[30] = 3.5242335401
delta_x = 0.0820000000
delta_t = 0.2400000000

!!!!!!!! Propagation velocity = 341.666667 cm/s !!!!!!!!!!

=============================================================



[!] Propagation velocity! Id = 60
t1 = 3.7800000000
dvdt[55] = 3.5113379770

t2 = 4.0800000000
dvdt[60] = 3.5156175343
delta_x = 0.0819999280
delta_t = 0.3000000000

!!!!!!!! Propagation velocity = 273.333093 cm/s !!!!!!!!!!

=============================================================



[!] Propagation velocity! Id = 180
t1 = 3.7800000000
dvdt[175] = 3.5113379770

t2 = 4.0800000000
dvdt[180] = 3.5156175343
delta_x = 0.0819999280
delta_t = 0.3000000000

!!!!!!!! Propagation velocity = 273.333093 cm/s !!!!!!!!!!

=============================================================



[!] Propagation velocity! Id = 100
t1 = 6.2400000000
dvdt[95] = 3.5358246973

t2 = 6.5900000000
dvdt[100] = 3.5276015648
delta_x = 0.0820000000
delta_t = 0.3500000000

!!!!!!!! Propagation velocity = 234.285714 cm/s !!!!!!!!!!

=============================================================



[!] Propagation velocity! Id = 140
t1 = 6.2400000000
dvdt[135] = 3.5358246973

t2 = 6.5900000000
dvdt[140] = 3.5276015648
delta_x = 0.0819999280
delta_t = 0.3500000000

!!!!!!!! Propagation velocity = 234.285509 cm/s !!!!!!!!!!

=============================================================



[!] Propagation velocity! Id = 220
t1 = 6.2400000000
dvdt[215] = 3.5358246973

t2 = 6.5900000000
dvdt[220] = 3.5276015648
delta_x = 0.0819999280
delta_t = 0.3500000000

!!!!!!!! Propagation velocity = 234.285509 cm/s !!!!!!!!!!

=============================================================



[!] Propagation velocity! Id = 260
t1 = 6.2400000000
dvdt[255] = 3.5358246973

t2 = 6.5900000000
dvdt[260] = 3.5276015648
delta_x = 0.0820000000
delta_t = 0.3500000000

!!!!!!!! Propagation velocity = 234.285714 cm/s !!!!!!!!!!

=============================================================



[!] Propagation velocity! Id = 120
t1 = 7.6700000000
dvdt[115] = 3.3351780723

t2 = 40.9200000000
dvdt[120] = 1.7238468376
delta_x = 0.0820000000
delta_t = 33.2500000000

!!!!!!!! Propagation velocity = 2.466165 cm/s !!!!!!!!!!

=============================================================



[!] Propagation velocity! Id = 160
t1 = 7.6700000000
dvdt[155] = 3.3351780723

t2 = 40.9200000000
dvdt[160] = 1.7238468376
delta_x = 0.0819999280
delta_t = 33.2500000000

!!!!!!!! Propagation velocity = 2.466163 cm/s !!!!!!!!!!

=============================================================



[!] Propagation velocity! Id = 240
t1 = 7.6700000000
dvdt[235] = 3.3351780723

t2 = 40.9200000000
dvdt[240] = 1.7238468378
delta_x = 0.0819999280
delta_t = 33.2500000000

!!!!!!!! Propagation velocity = 2.466163 cm/s !!!!!!!!!!

=============================================================



[!] Propagation velocity! Id = 280
t1 = 7.6700000000
dvdt[275] = 3.3351780723

t2 = 40.9200000000
dvdt[280] = 1.7238468380
delta_x = 0.0820000000
delta_t = 33.2500000000

!!!!!!!! Propagation velocity = 2.466165 cm/s !!!!!!!!!!

=============================================================

