

[!] Propagation velocity! Id = 250
t1 = 10.3600000000
dvdt[240] = 3.4813921792

t2 = 10.7400000000
dvdt[250] = 3.4767849365
delta_x = 0.1000000000
delta_t = 0.3800000000

!!!!!!!! Propagation velocity = 263.157895 cm/s !!!!!!!!!!

=============================================================



[!] Propagation velocity! Id = 500
t1 = 19.6700000000
dvdt[490] = 3.4803869551

t2 = 20.0500000000
dvdt[500] = 3.4781877282
delta_x = 0.1000000000
delta_t = 0.3800000000

!!!!!!!! Propagation velocity = 263.157895 cm/s !!!!!!!!!!

=============================================================



[!] Propagation velocity! Id = 750
t1 = 28.9800000000
dvdt[740] = 3.4858292602

t2 = 29.3500000000
dvdt[750] = 3.4862116494
delta_x = 0.1000000000
delta_t = 0.3700000000

!!!!!!!! Propagation velocity = 270.270270 cm/s !!!!!!!!!!

=============================================================



[!] Propagation velocity! Id = 1000
t1 = 38.2800000000
dvdt[990] = 3.3253963242

t2 = 62.2700000000
dvdt[1000] = 2.2122448589
delta_x = 0.1000000000
delta_t = 23.9900000000

!!!!!!!! Propagation velocity = 4.168404 cm/s !!!!!!!!!!

=============================================================

