

[!] Propagation velocity! Id = 59
t1 = 4.1100000000
dvdt[49] = 1.4472112935

t2 = 4.7400000000
dvdt[59] = 1.4475879121
delta_x = 0.1640000000
delta_t = 0.6300000000

!!!!!!!! Propagation velocity = 260.317460 cm/s !!!!!!!!!!

=============================================================



[!] Propagation velocity! Id = 119
t1 = 7.8700000000
dvdt[109] = 1.4476689881

t2 = 8.5000000000
dvdt[119] = 1.4476247916
delta_x = 0.1640000000
delta_t = 0.6300000000

!!!!!!!! Propagation velocity = 260.317460 cm/s !!!!!!!!!!

=============================================================



[!] Propagation velocity! Id = 178
t1 = 11.5700000000
dvdt[168] = 1.4493621823

t2 = 12.2000000000
dvdt[178] = 1.4498943651
delta_x = 0.1640000000
delta_t = 0.6300000000

!!!!!!!! Propagation velocity = 260.317460 cm/s !!!!!!!!!!

=============================================================



[!] Propagation velocity! Id = 242
t1 = 15.6200000000
dvdt[232] = 1.3379924100

t2 = 17.5500000000
dvdt[242] = 1.9112151695
delta_x = 0.1640000000
delta_t = 1.9300000000

!!!!!!!! Propagation velocity = 84.974093 cm/s !!!!!!!!!!

=============================================================

