

[!] Propagation velocity! Id = 59
t1 = 3.7700000000
dvdt[49] = 3.5280889587

t2 = 4.3800000000
dvdt[59] = 3.5284310865
delta_x = 0.1640000000
delta_t = 0.6100000000

!!!!!!!! Propagation velocity = 268.852459 cm/s !!!!!!!!!!

=============================================================



[!] Propagation velocity! Id = 119
t1 = 7.4100000000
dvdt[109] = 3.5286595477

t2 = 8.0200000000
dvdt[119] = 3.5423560543
delta_x = 0.1640000000
delta_t = 0.6100000000

!!!!!!!! Propagation velocity = 268.852459 cm/s !!!!!!!!!!

=============================================================



[!] Propagation velocity! Id = 178
t1 = 10.9500000000
dvdt[168] = 3.5697916369

t2 = 11.5400000000
dvdt[178] = 3.5759662302
delta_x = 0.1640000000
delta_t = 0.5900000000

!!!!!!!! Propagation velocity = 277.966102 cm/s !!!!!!!!!!

=============================================================



[!] Propagation velocity! Id = 242
t1 = 14.6500000000
dvdt[232] = 3.5530170127

t2 = 15.3100000000
dvdt[242] = 0.0552918290
delta_x = 0.1640000000
delta_t = 0.6600000000

!!!!!!!! Propagation velocity = 248.484848 cm/s !!!!!!!!!!

=============================================================

