

[!] Propagation velocity! Id = 50
t1 = 3.3500000000
dvdt[40] = 1.4385435178

t2 = 3.7200000000
dvdt[50] = 1.4431571447
delta_x = 0.1000000000
delta_t = 0.3700000000

!!!!!!!! Propagation velocity = 270.270270 cm/s !!!!!!!!!!

=============================================================



[!] Propagation velocity! Id = 100
t1 = 5.2400000000
dvdt[90] = 1.4491809856

t2 = 5.6200000000
dvdt[100] = 1.4498984219
delta_x = 0.1000000000
delta_t = 0.3800000000

!!!!!!!! Propagation velocity = 263.157895 cm/s !!!!!!!!!!

=============================================================



[!] Propagation velocity! Id = 150
t1 = 7.1600000000
dvdt[140] = 1.4538245147

t2 = 7.5500000000
dvdt[150] = 1.4544628706
delta_x = 0.1000000000
delta_t = 0.3900000000

!!!!!!!! Propagation velocity = 256.410256 cm/s !!!!!!!!!!

=============================================================



[!] Propagation velocity! Id = 200
t1 = 9.1400000000
dvdt[190] = 1.0100875556

t2 = 13.7300000000
dvdt[200] = 1.5272801994
delta_x = 0.1000000000
delta_t = 4.5900000000

!!!!!!!! Propagation velocity = 21.786492 cm/s !!!!!!!!!!

=============================================================

