

[!] Propagation velocity! Id = 12
t1 = 1.1200000000
dvdt[2] = 3.8755413026

t2 = 1.5300000000
dvdt[12] = 3.6560649307
delta_x = 0.2000000000
delta_t = 0.4100000000

!!!!!!!! Propagation velocity = 487.804878 cm/s !!!!!!!!!!

=============================================================



[!] Propagation velocity! Id = 25
t1 = 1.6800000000
dvdt[15] = 3.5960820044

t2 = 2.3400000000
dvdt[25] = 1.9351566571
delta_x = 0.2000000000
delta_t = 0.6600000000

!!!!!!!! Propagation velocity = 303.030303 cm/s !!!!!!!!!!

=============================================================



[!] Propagation velocity! Id = 37
t1 = 2.4600000000
dvdt[27] = 3.0259227776

t2 = 2.9700000000
dvdt[37] = 3.5196358367
delta_x = 0.1999999301
delta_t = 0.5100000000

!!!!!!!! Propagation velocity = 392.156726 cm/s !!!!!!!!!!

=============================================================



[!] Propagation velocity! Id = 50
t1 = 3.1300000000
dvdt[40] = 3.4654912123

t2 = 2.4100000000
dvdt[50] = 2.5768120731
delta_x = 0.3200007542
delta_t = -0.7200000000

!!!!!!!! Propagation velocity = 0.000000 cm/s !!!!!!!!!!

=============================================================



[!] Propagation velocity! Id = 62
t1 = 2.5100000000
dvdt[52] = 3.2773475092

t2 = 3.0200000000
dvdt[62] = 3.5102241820
delta_x = 0.1999999301
delta_t = 0.5100000000

!!!!!!!! Propagation velocity = 392.156726 cm/s !!!!!!!!!!

=============================================================



[!] Propagation velocity! Id = 75
t1 = 3.1800000000
dvdt[65] = 3.4327041967

t2 = 3.7200000000
dvdt[75] = 0.1020756927
delta_x = 2.1599999441
delta_t = 0.5400000000

!!!!!!!! Propagation velocity = 3999.999896 cm/s !!!!!!!!!!

=============================================================

