

[!] Propagation velocity! Id = 25
t1 = 2.0300000000
dvdt[15] = 3.6481132374

t2 = 2.3800000000
dvdt[25] = 3.5549100282
delta_x = 0.1000000000
delta_t = 0.3500000000

!!!!!!!! Propagation velocity = 285.714286 cm/s !!!!!!!!!!

=============================================================



[!] Propagation velocity! Id = 50
t1 = 2.9300000000
dvdt[40] = 3.5084928636

t2 = 3.3000000000
dvdt[50] = 3.4951869281
delta_x = 0.1000000000
delta_t = 0.3700000000

!!!!!!!! Propagation velocity = 270.270270 cm/s !!!!!!!!!!

=============================================================



[!] Propagation velocity! Id = 75
t1 = 3.8500000000
dvdt[65] = 3.4855089839

t2 = 4.2300000000
dvdt[75] = 3.4782471884
delta_x = 0.1000000000
delta_t = 0.3800000000

!!!!!!!! Propagation velocity = 263.157895 cm/s !!!!!!!!!!

=============================================================



[!] Propagation velocity! Id = 100
t1 = 4.7900000000
dvdt[90] = 3.3304231723

t2 = 13.1200000000
dvdt[100] = 3.6560796458
delta_x = 0.1000000000
delta_t = 8.3300000000

!!!!!!!! Propagation velocity = 12.004802 cm/s !!!!!!!!!!

=============================================================

