

[!] Propagation velocity! Id = 59
t1 = 4.1500000000
dvdt[54] = 1.4465524404

t2 = 4.4300000000
dvdt[59] = 1.4468129398
delta_x = 0.0820000000
delta_t = 0.2800000000

!!!!!!!! Propagation velocity = 292.857143 cm/s !!!!!!!!!!

=============================================================



[!] Propagation velocity! Id = 119
t1 = 7.4300000000
dvdt[114] = 1.4476096839

t2 = 7.7100000000
dvdt[119] = 1.4475123103
delta_x = 0.0820000000
delta_t = 0.2800000000

!!!!!!!! Propagation velocity = 292.857143 cm/s !!!!!!!!!!

=============================================================



[!] Propagation velocity! Id = 178
t1 = 10.6600000000
dvdt[173] = 1.4502900851

t2 = 10.9400000000
dvdt[178] = 1.4508130086
delta_x = 0.0820000000
delta_t = 0.2800000000

!!!!!!!! Propagation velocity = 292.857143 cm/s !!!!!!!!!!

=============================================================



[!] Propagation velocity! Id = 242
t1 = 14.2200000000
dvdt[237] = 0.8017303556

t2 = 16.4000000000
dvdt[242] = 1.8233136994
delta_x = 0.0820000000
delta_t = 2.1800000000

!!!!!!!! Propagation velocity = 37.614679 cm/s !!!!!!!!!!

=============================================================

