

[!] Propagation velocity! Id = 36
t1 = 0.5600000000
dvdt[26] = 0.0703711432

t2 = 1.0800000000
dvdt[36] = 0.0504225160
delta_x = 0.0680000000
delta_t = 0.5200000000

!!!!!!!! Propagation velocity = 130.769231 cm/s !!!!!!!!!!

=============================================================



[!] Propagation velocity! Id = 73
t1 = 3.1700000000
dvdt[63] = 0.0289821439

t2 = 3.2800000000
dvdt[73] = 0.0237687765
delta_x = 0.0680000000
delta_t = 0.1100000000

!!!!!!!! Propagation velocity = 618.181818 cm/s !!!!!!!!!!

=============================================================



[!] Propagation velocity! Id = 109
t1 = 3.6500000000
dvdt[99] = 0.0131111206

t2 = 3.8100000000
dvdt[109] = 0.0099576413
delta_x = 0.0680000000
delta_t = 0.1600000000

!!!!!!!! Propagation velocity = 425.000000 cm/s !!!!!!!!!!

=============================================================



[!] Propagation velocity! Id = 146
t1 = 4.1600000000
dvdt[136] = 0.0027281173

t2 = 5.8300000000
dvdt[146] = 0.0003214186
delta_x = 0.0680000000
delta_t = 1.6700000000

!!!!!!!! Propagation velocity = 40.718563 cm/s !!!!!!!!!!

=============================================================

