

[!] Propagation velocity! Id = 29
t1 = 1.7700000000
dvdt[19] = 3.6095241267

t2 = 2.3400000000
dvdt[29] = 3.5809020108
delta_x = 0.1640000000
delta_t = 0.5700000000

!!!!!!!! Propagation velocity = 287.719298 cm/s !!!!!!!!!!

=============================================================



[!] Propagation velocity! Id = 59
t1 = 3.5000000000
dvdt[49] = 3.5817272836

t2 = 4.0700000000
dvdt[59] = 3.5845142503
delta_x = 0.1640000000
delta_t = 0.5700000000

!!!!!!!! Propagation velocity = 287.719298 cm/s !!!!!!!!!!

=============================================================



[!] Propagation velocity! Id = 88
t1 = 5.1600000000
dvdt[78] = 3.5675712875

t2 = 5.7200000000
dvdt[88] = 3.5558838998
delta_x = 0.1640000000
delta_t = 0.5600000000

!!!!!!!! Propagation velocity = 292.857143 cm/s !!!!!!!!!!

=============================================================



[!] Propagation velocity! Id = 118
t1 = 6.8600000000
dvdt[108] = 3.5061697151

t2 = 7.4500000000
dvdt[118] = 1.5025698815
delta_x = 0.1640000000
delta_t = 0.5900000000

!!!!!!!! Propagation velocity = 277.966102 cm/s !!!!!!!!!!

=============================================================

