

[!] Propagation velocity! Id = 59
t1 = 4.4900000000
dvdt[54] = 1.4480038087

t2 = 4.8100000000
dvdt[59] = 1.4478537534
delta_x = 0.0820000000
delta_t = 0.3200000000

!!!!!!!! Propagation velocity = 256.250000 cm/s !!!!!!!!!!

=============================================================



[!] Propagation velocity! Id = 119
t1 = 8.3500000000
dvdt[114] = 1.4484709788

t2 = 8.6700000000
dvdt[119] = 1.4483629803
delta_x = 0.0820000000
delta_t = 0.3200000000

!!!!!!!! Propagation velocity = 256.250000 cm/s !!!!!!!!!!

=============================================================



[!] Propagation velocity! Id = 178
t1 = 12.1600000000
dvdt[173] = 1.4516252916

t2 = 12.4800000000
dvdt[178] = 1.4522586752
delta_x = 0.0820000000
delta_t = 0.3200000000

!!!!!!!! Propagation velocity = 256.250000 cm/s !!!!!!!!!!

=============================================================



[!] Propagation velocity! Id = 242
t1 = 16.3500000000
dvdt[237] = 0.8503961910

t2 = 27.6400000000
dvdt[242] = 1.0172876917
delta_x = 0.0820000000
delta_t = 11.2900000000

!!!!!!!! Propagation velocity = 7.263065 cm/s !!!!!!!!!!

=============================================================

