

[!] Propagation velocity! Id = 36
t1 = 2.0100000000
dvdt[26] = 0.0962537243

t2 = 2.0500000000
dvdt[36] = 0.0775860748
delta_x = 0.0680000000
delta_t = 0.0400000000

!!!!!!!! Propagation velocity = 1700.000000 cm/s !!!!!!!!!!

=============================================================



[!] Propagation velocity! Id = 73
t1 = 2.2900000000
dvdt[63] = 0.0405547036

t2 = 2.4500000000
dvdt[73] = 0.0314684401
delta_x = 0.0680000000
delta_t = 0.1600000000

!!!!!!!! Propagation velocity = 425.000000 cm/s !!!!!!!!!!

=============================================================



[!] Propagation velocity! Id = 109
t1 = 3.0100000000
dvdt[99] = 0.0161685011

t2 = 3.2300000000
dvdt[109] = 0.0122385902
delta_x = 0.0680000000
delta_t = 0.2200000000

!!!!!!!! Propagation velocity = 309.090909 cm/s !!!!!!!!!!

=============================================================



[!] Propagation velocity! Id = 146
t1 = 3.6200000000
dvdt[136] = 0.0033957212

t2 = 6.2000000000
dvdt[146] = 0.0004794689
delta_x = 0.0680000000
delta_t = 2.5800000000

!!!!!!!! Propagation velocity = 26.356589 cm/s !!!!!!!!!!

=============================================================

