

[!] Propagation velocity! Id = 50
t1 = 3.2500000000
dvdt[45] = 3.4995713109

t2 = 3.5000000000
dvdt[50] = 3.5078406850
delta_x = 0.0820000000
delta_t = 0.2500000000

!!!!!!!! Propagation velocity = 328.000000 cm/s !!!!!!!!!!

=============================================================



[!] Propagation velocity! Id = 90
t1 = 5.3900000000
dvdt[85] = 3.5086989749

t2 = 5.6900000000
dvdt[90] = 3.5094075858
delta_x = 0.0819999280
delta_t = 0.3000000000

!!!!!!!! Propagation velocity = 273.333093 cm/s !!!!!!!!!!

=============================================================



[!] Propagation velocity! Id = 150
t1 = 5.3900000000
dvdt[145] = 3.5086989749

t2 = 5.6900000000
dvdt[150] = 3.5094075858
delta_x = 0.0819999280
delta_t = 0.3000000000

!!!!!!!! Propagation velocity = 273.333093 cm/s !!!!!!!!!!

=============================================================



[!] Propagation velocity! Id = 120
t1 = 7.1700000000
dvdt[115] = 3.7676550644

t2 = 7.3500000000
dvdt[120] = 6.5323540021
delta_x = 0.0819999280
delta_t = 0.1800000000

!!!!!!!! Propagation velocity = 455.555156 cm/s !!!!!!!!!!

=============================================================



[!] Propagation velocity! Id = 180
t1 = 7.1700000000
dvdt[175] = 3.7676550644

t2 = 7.3500000000
dvdt[180] = 6.5323540021
delta_x = 0.0819999280
delta_t = 0.1800000000

!!!!!!!! Propagation velocity = 455.555156 cm/s !!!!!!!!!!

=============================================================

