

[!] Propagation velocity! Id = 29
t1 = 1.9200000000
dvdt[19] = 3.5601665730

t2 = 2.5300000000
dvdt[29] = 3.5391158768
delta_x = 0.1640000000
delta_t = 0.6100000000

!!!!!!!! Propagation velocity = 268.852459 cm/s !!!!!!!!!!

=============================================================



[!] Propagation velocity! Id = 59
t1 = 3.7400000000
dvdt[49] = 3.5329787376

t2 = 4.3500000000
dvdt[59] = 3.5235870813
delta_x = 0.1640000000
delta_t = 0.6100000000

!!!!!!!! Propagation velocity = 268.852459 cm/s !!!!!!!!!!

=============================================================



[!] Propagation velocity! Id = 88
t1 = 5.5000000000
dvdt[78] = 3.5311284923

t2 = 6.1100000000
dvdt[88] = 3.5239853819
delta_x = 0.1640000000
delta_t = 0.6100000000

!!!!!!!! Propagation velocity = 268.852459 cm/s !!!!!!!!!!

=============================================================



[!] Propagation velocity! Id = 118
t1 = 7.3200000000
dvdt[108] = 3.5253501295

t2 = 7.9400000000
dvdt[118] = 1.3275046878
delta_x = 0.1640000000
delta_t = 0.6200000000

!!!!!!!! Propagation velocity = 264.516129 cm/s !!!!!!!!!!

=============================================================

