

[!] Propagation velocity! Id = 59
t1 = 4.0700000000
dvdt[54] = 1.4464265126

t2 = 4.3300000000
dvdt[59] = 1.4465906129
delta_x = 0.0820000000
delta_t = 0.2600000000

!!!!!!!! Propagation velocity = 315.384615 cm/s !!!!!!!!!!

=============================================================



[!] Propagation velocity! Id = 119
t1 = 7.1800000000
dvdt[114] = 1.4475440137

t2 = 7.4400000000
dvdt[119] = 1.4476444258
delta_x = 0.0820000000
delta_t = 0.2600000000

!!!!!!!! Propagation velocity = 315.384615 cm/s !!!!!!!!!!

=============================================================



[!] Propagation velocity! Id = 178
t1 = 10.2400000000
dvdt[173] = 1.4499027545

t2 = 10.5000000000
dvdt[178] = 1.4502653869
delta_x = 0.0820000000
delta_t = 0.2600000000

!!!!!!!! Propagation velocity = 315.384615 cm/s !!!!!!!!!!

=============================================================



[!] Propagation velocity! Id = 242
t1 = 13.6300000000
dvdt[237] = 0.7971850227

t2 = 15.3700000000
dvdt[242] = 1.8805841646
delta_x = 0.0820000000
delta_t = 1.7400000000

!!!!!!!! Propagation velocity = 47.126437 cm/s !!!!!!!!!!

=============================================================

