

[!] Propagation velocity! Id = 50
t1 = 3.9900000000
dvdt[45] = 1.4432088889

t2 = 4.3200000000
dvdt[50] = 1.4274362765
delta_x = 0.0820000000
delta_t = 0.3300000000

!!!!!!!! Propagation velocity = 248.484848 cm/s !!!!!!!!!!

=============================================================



[!] Propagation velocity! Id = 90
t1 = 6.8600000000
dvdt[85] = 1.4465798448

t2 = 7.2100000000
dvdt[90] = 1.4465600414
delta_x = 0.0819999280
delta_t = 0.3500000000

!!!!!!!! Propagation velocity = 234.285509 cm/s !!!!!!!!!!

=============================================================



[!] Propagation velocity! Id = 150
t1 = 6.8600000000
dvdt[145] = 1.4465798448

t2 = 7.2100000000
dvdt[150] = 1.4465600414
delta_x = 0.0819999280
delta_t = 0.3500000000

!!!!!!!! Propagation velocity = 234.285509 cm/s !!!!!!!!!!

=============================================================



[!] Propagation velocity! Id = 120
t1 = 8.9100000000
dvdt[115] = 1.8703306322

t2 = 9.0200000000
dvdt[120] = 2.4556936621
delta_x = 0.0819999280
delta_t = 0.1100000000

!!!!!!!! Propagation velocity = 745.453891 cm/s !!!!!!!!!!

=============================================================



[!] Propagation velocity! Id = 180
t1 = 8.9100000000
dvdt[175] = 1.8703306322

t2 = 9.0200000000
dvdt[180] = 2.4556936621
delta_x = 0.0819999280
delta_t = 0.1100000000

!!!!!!!! Propagation velocity = 745.453891 cm/s !!!!!!!!!!

=============================================================

