

[!] Propagation velocity! Id = 367
t1 = 18.0100000000
dvdt[357] = 0.0005465714

t2 = 18.6800000000
dvdt[367] = 0.0005050619
delta_x = 0.0680000000
delta_t = 0.6700000000

!!!!!!!! Propagation velocity = 101.492537 cm/s !!!!!!!!!!

=============================================================



[!] Propagation velocity! Id = 1102
t1 = 0.0100000000
dvdt[1092] = 0.0001868364

t2 = 0.0100000000
dvdt[1102] = 0.0001865892
delta_x = 0.0680002360
delta_t = 0.0000000000

!!!!!!!! Propagation velocity = inf cm/s !!!!!!!!!!

=============================================================



[!] Propagation velocity! Id = 735
t1 = 0.0100000000
dvdt[725] = 0.0001867807

t2 = 0.0100000000
dvdt[735] = 0.0001869433
delta_x = 0.0680000000
delta_t = 0.0000000000

!!!!!!!! Propagation velocity = inf cm/s !!!!!!!!!!

=============================================================



[!] Propagation velocity! Id = 1837
t1 = 0.0100000000
dvdt[1827] = 0.0001868364

t2 = 0.0100000000
dvdt[1837] = 0.0001865892
delta_x = 0.0680002360
delta_t = 0.0000000000

!!!!!!!! Propagation velocity = inf cm/s !!!!!!!!!!

=============================================================



[!] Propagation velocity! Id = 1470
t1 = 0.0100000000
dvdt[1460] = 0.0001372919

t2 = 0.0100000000
dvdt[1470] = 0.0001347029
delta_x = 0.0680002360
delta_t = 0.0000000000

!!!!!!!! Propagation velocity = inf cm/s !!!!!!!!!!

=============================================================



[!] Propagation velocity! Id = 2205
t1 = 0.0100000000
dvdt[2195] = 0.0001372918

t2 = 0.0100000000
dvdt[2205] = 0.0001347029
delta_x = 0.0680002360
delta_t = 0.0000000000

!!!!!!!! Propagation velocity = inf cm/s !!!!!!!!!!

=============================================================

