

[!] Propagation velocity! Id = 100
t1 = 5.2200000000
dvdt[90] = 1.4453582199

t2 = 5.6000000000
dvdt[100] = 1.4457161060
delta_x = 0.1000000000
delta_t = 0.3800000000

!!!!!!!! Propagation velocity = 263.157895 cm/s !!!!!!!!!!

=============================================================



[!] Propagation velocity! Id = 200
t1 = 9.0500000000
dvdt[190] = 1.2954491230

t2 = 9.8100000000
dvdt[200] = 1.0532832394
delta_x = 0.1000000000
delta_t = 0.7600000000

!!!!!!!! Propagation velocity = 131.578947 cm/s !!!!!!!!!!

=============================================================



[!] Propagation velocity! Id = 300
t1 = 13.1500000000
dvdt[290] = 1.4490948829

t2 = 13.5300000000
dvdt[300] = 1.4496110754
delta_x = 0.0999995320
delta_t = 0.3800000000

!!!!!!!! Propagation velocity = 263.156663 cm/s !!!!!!!!!!

=============================================================



[!] Propagation velocity! Id = 500
t1 = 13.1500000000
dvdt[490] = 1.4490948829

t2 = 13.5300000000
dvdt[500] = 1.4496110754
delta_x = 0.0999995320
delta_t = 0.3800000000

!!!!!!!! Propagation velocity = 263.156663 cm/s !!!!!!!!!!

=============================================================



[!] Propagation velocity! Id = 400
t1 = 17.0400000000
dvdt[390] = 1.0487252360

t2 = 19.3900000000
dvdt[400] = 1.7846086715
delta_x = 0.1000003981
delta_t = 2.3500000000

!!!!!!!! Propagation velocity = 42.553361 cm/s !!!!!!!!!!

=============================================================



[!] Propagation velocity! Id = 600
t1 = 17.0400000000
dvdt[590] = 1.0487252360

t2 = 19.3900000000
dvdt[600] = 1.7846086715
delta_x = 0.1000003981
delta_t = 2.3500000000

!!!!!!!! Propagation velocity = 42.553361 cm/s !!!!!!!!!!

=============================================================

