

[!] Propagation velocity! Id = 30
t1 = 2.6600000000
dvdt[25] = 1.4494901490

t2 = 2.9900000000
dvdt[30] = 1.4513332378
delta_x = 0.0820000000
delta_t = 0.3300000000

!!!!!!!! Propagation velocity = 248.484848 cm/s !!!!!!!!!!

=============================================================



[!] Propagation velocity! Id = 60
t1 = 4.7500000000
dvdt[55] = 1.4514640339

t2 = 5.1200000000
dvdt[60] = 1.4518985610
delta_x = 0.0819999280
delta_t = 0.3700000000

!!!!!!!! Propagation velocity = 221.621427 cm/s !!!!!!!!!!

=============================================================



[!] Propagation velocity! Id = 180
t1 = 4.7500000000
dvdt[175] = 1.4514640339

t2 = 5.1200000000
dvdt[180] = 1.4518985610
delta_x = 0.0819999280
delta_t = 0.3700000000

!!!!!!!! Propagation velocity = 221.621427 cm/s !!!!!!!!!!

=============================================================



[!] Propagation velocity! Id = 100
t1 = 7.8500000000
dvdt[95] = 1.4581779682

t2 = 8.2800000000
dvdt[100] = 1.4585558183
delta_x = 0.0820000000
delta_t = 0.4300000000

!!!!!!!! Propagation velocity = 190.697674 cm/s !!!!!!!!!!

=============================================================



[!] Propagation velocity! Id = 140
t1 = 7.8500000000
dvdt[135] = 1.4581779682

t2 = 8.2800000000
dvdt[140] = 1.4585558183
delta_x = 0.0819999280
delta_t = 0.4300000000

!!!!!!!! Propagation velocity = 190.697507 cm/s !!!!!!!!!!

=============================================================



[!] Propagation velocity! Id = 220
t1 = 7.8500000000
dvdt[215] = 1.4581779682

t2 = 8.2800000000
dvdt[220] = 1.4585558183
delta_x = 0.0819999280
delta_t = 0.4300000000

!!!!!!!! Propagation velocity = 190.697507 cm/s !!!!!!!!!!

=============================================================



[!] Propagation velocity! Id = 260
t1 = 7.8500000000
dvdt[255] = 1.4581779682

t2 = 8.2800000000
dvdt[260] = 1.4585558183
delta_x = 0.0820000000
delta_t = 0.4300000000

!!!!!!!! Propagation velocity = 190.697674 cm/s !!!!!!!!!!

=============================================================



[!] Propagation velocity! Id = 120
t1 = 9.6000000000
dvdt[115] = 1.0676454149

t2 = 16.4300000000
dvdt[120] = 1.3271218817
delta_x = 0.0820000000
delta_t = 6.8300000000

!!!!!!!! Propagation velocity = 12.005857 cm/s !!!!!!!!!!

=============================================================



[!] Propagation velocity! Id = 160
t1 = 9.6000000000
dvdt[155] = 1.0676454149

t2 = 16.4300000000
dvdt[160] = 1.3271218817
delta_x = 0.0819999280
delta_t = 6.8300000000

!!!!!!!! Propagation velocity = 12.005846 cm/s !!!!!!!!!!

=============================================================



[!] Propagation velocity! Id = 240
t1 = 9.6000000000
dvdt[235] = 1.0676454149

t2 = 16.4300000000
dvdt[240] = 1.3271218817
delta_x = 0.0819999280
delta_t = 6.8300000000

!!!!!!!! Propagation velocity = 12.005846 cm/s !!!!!!!!!!

=============================================================



[!] Propagation velocity! Id = 280
t1 = 9.6000000000
dvdt[275] = 1.0676454149

t2 = 16.4300000000
dvdt[280] = 1.3271218817
delta_x = 0.0820000000
delta_t = 6.8300000000

!!!!!!!! Propagation velocity = 12.005857 cm/s !!!!!!!!!!

=============================================================

