

[!] Propagation velocity! Id = 30
t1 = 2.6500000000
dvdt[25] = 1.4472159149

t2 = 2.9900000000
dvdt[30] = 1.4488418659
delta_x = 0.0820000000
delta_t = 0.3400000000

!!!!!!!! Propagation velocity = 241.176471 cm/s !!!!!!!!!!

=============================================================



[!] Propagation velocity! Id = 60
t1 = 4.7300000000
dvdt[55] = 1.4479742525

t2 = 5.1100000000
dvdt[60] = 1.4479932052
delta_x = 0.0819999280
delta_t = 0.3800000000

!!!!!!!! Propagation velocity = 215.789284 cm/s !!!!!!!!!!

=============================================================



[!] Propagation velocity! Id = 180
t1 = 4.7300000000
dvdt[175] = 1.4479742525

t2 = 5.1100000000
dvdt[180] = 1.4479932052
delta_x = 0.0819999280
delta_t = 0.3800000000

!!!!!!!! Propagation velocity = 215.789284 cm/s !!!!!!!!!!

=============================================================



[!] Propagation velocity! Id = 100
t1 = 7.7900000000
dvdt[95] = 1.4488450108

t2 = 8.2200000000
dvdt[100] = 1.4489166897
delta_x = 0.0820000000
delta_t = 0.4300000000

!!!!!!!! Propagation velocity = 190.697674 cm/s !!!!!!!!!!

=============================================================



[!] Propagation velocity! Id = 140
t1 = 7.7900000000
dvdt[135] = 1.4488450108

t2 = 8.2200000000
dvdt[140] = 1.4489166897
delta_x = 0.0819999280
delta_t = 0.4300000000

!!!!!!!! Propagation velocity = 190.697507 cm/s !!!!!!!!!!

=============================================================



[!] Propagation velocity! Id = 220
t1 = 7.7900000000
dvdt[215] = 1.4488450108

t2 = 8.2200000000
dvdt[220] = 1.4489166897
delta_x = 0.0819999280
delta_t = 0.4300000000

!!!!!!!! Propagation velocity = 190.697507 cm/s !!!!!!!!!!

=============================================================



[!] Propagation velocity! Id = 260
t1 = 7.7900000000
dvdt[255] = 1.4488450108

t2 = 8.2200000000
dvdt[260] = 1.4489166897
delta_x = 0.0820000000
delta_t = 0.4300000000

!!!!!!!! Propagation velocity = 190.697674 cm/s !!!!!!!!!!

=============================================================



[!] Propagation velocity! Id = 120
t1 = 9.4700000000
dvdt[115] = 1.7383568130

t2 = 9.6500000000
dvdt[120] = 2.4505546572
delta_x = 0.0820000000
delta_t = 0.1800000000

!!!!!!!! Propagation velocity = 455.555556 cm/s !!!!!!!!!!

=============================================================



[!] Propagation velocity! Id = 160
t1 = 9.4700000000
dvdt[155] = 1.7383568130

t2 = 9.6500000000
dvdt[160] = 2.4505546572
delta_x = 0.0819999280
delta_t = 0.1800000000

!!!!!!!! Propagation velocity = 455.555156 cm/s !!!!!!!!!!

=============================================================



[!] Propagation velocity! Id = 240
t1 = 9.4700000000
dvdt[235] = 1.7383568130

t2 = 9.6500000000
dvdt[240] = 2.4505546572
delta_x = 0.0819999280
delta_t = 0.1800000000

!!!!!!!! Propagation velocity = 455.555156 cm/s !!!!!!!!!!

=============================================================



[!] Propagation velocity! Id = 280
t1 = 9.4700000000
dvdt[275] = 1.7383568130

t2 = 9.6500000000
dvdt[280] = 2.4505546572
delta_x = 0.0820000000
delta_t = 0.1800000000

!!!!!!!! Propagation velocity = 455.555556 cm/s !!!!!!!!!!

=============================================================

