

[!] Propagation velocity! Id = 59
t1 = 3.4900000000
dvdt[54] = 3.4916917427

t2 = 3.7000000000
dvdt[59] = 3.4909927280
delta_x = 0.0820000000
delta_t = 0.2100000000

!!!!!!!! Propagation velocity = 390.476190 cm/s !!!!!!!!!!

=============================================================



[!] Propagation velocity! Id = 119
t1 = 5.9700000000
dvdt[114] = 3.4864318235

t2 = 6.1800000000
dvdt[119] = 3.4856323764
delta_x = 0.0820000000
delta_t = 0.2100000000

!!!!!!!! Propagation velocity = 390.476190 cm/s !!!!!!!!!!

=============================================================



[!] Propagation velocity! Id = 232
t1 = 10.6500000000
dvdt[227] = 3.4960245745

t2 = 10.8500000000
dvdt[232] = 3.5667749092
delta_x = 0.0820000000
delta_t = 0.2000000000

!!!!!!!! Propagation velocity = 410.000000 cm/s !!!!!!!!!!

=============================================================



[!] Propagation velocity! Id = 242
t1 = 11.0400000000
dvdt[237] = 4.1408265907

t2 = 11.1400000000
dvdt[242] = 6.5935950881
delta_x = 0.0820000000
delta_t = 0.1000000000

!!!!!!!! Propagation velocity = 820.000000 cm/s !!!!!!!!!!

=============================================================

