

[!] Propagation velocity! Id = 59
t1 = 4.0700000000
dvdt[54] = 1.4463690313

t2 = 4.3300000000
dvdt[59] = 1.4465162917
delta_x = 0.0820000000
delta_t = 0.2600000000

!!!!!!!! Propagation velocity = 315.384615 cm/s !!!!!!!!!!

=============================================================



[!] Propagation velocity! Id = 119
t1 = 7.1800000000
dvdt[114] = 1.4473247707

t2 = 7.4400000000
dvdt[119] = 1.4473863453
delta_x = 0.0820000000
delta_t = 0.2600000000

!!!!!!!! Propagation velocity = 315.384615 cm/s !!!!!!!!!!

=============================================================



[!] Propagation velocity! Id = 178
t1 = 10.2400000000
dvdt[173] = 1.4494878576

t2 = 10.5000000000
dvdt[178] = 1.4498306181
delta_x = 0.0820000000
delta_t = 0.2600000000

!!!!!!!! Propagation velocity = 315.384615 cm/s !!!!!!!!!!

=============================================================



[!] Propagation velocity! Id = 242
t1 = 13.6400000000
dvdt[237] = 0.8589587671

t2 = 14.9000000000
dvdt[242] = 1.9514012077
delta_x = 0.0820000000
delta_t = 1.2600000000

!!!!!!!! Propagation velocity = 65.079365 cm/s !!!!!!!!!!

=============================================================

