

[!] Propagation velocity! Id = 59
t1 = 4.1500000000
dvdt[54] = 1.4464856411

t2 = 4.4300000000
dvdt[59] = 1.4466104437
delta_x = 0.0820000000
delta_t = 0.2800000000

!!!!!!!! Propagation velocity = 292.857143 cm/s !!!!!!!!!!

=============================================================



[!] Propagation velocity! Id = 119
t1 = 7.4300000000
dvdt[114] = 1.4471980724

t2 = 7.7000000000
dvdt[119] = 1.4470496955
delta_x = 0.0820000000
delta_t = 0.2700000000

!!!!!!!! Propagation velocity = 303.703704 cm/s !!!!!!!!!!

=============================================================



[!] Propagation velocity! Id = 178
t1 = 10.6600000000
dvdt[173] = 1.4487283232

t2 = 10.9300000000
dvdt[178] = 1.4490548497
delta_x = 0.0820000000
delta_t = 0.2700000000

!!!!!!!! Propagation velocity = 303.703704 cm/s !!!!!!!!!!

=============================================================



[!] Propagation velocity! Id = 242
t1 = 14.2400000000
dvdt[237] = 0.9782161422

t2 = 15.1500000000
dvdt[242] = 2.0155294160
delta_x = 0.0820000000
delta_t = 0.9100000000

!!!!!!!! Propagation velocity = 90.109890 cm/s !!!!!!!!!!

=============================================================

