

[!] Propagation velocity! Id = 50
t1 = 2.9300000000
dvdt[40] = 3.5085363994

t2 = 3.3000000000
dvdt[50] = 3.4966193687
delta_x = 0.1000000000
delta_t = 0.3700000000

!!!!!!!! Propagation velocity = 270.270270 cm/s !!!!!!!!!!

=============================================================



[!] Propagation velocity! Id = 100
t1 = 4.7900000000
dvdt[90] = 3.4793277996

t2 = 5.1600000000
dvdt[100] = 3.4837424186
delta_x = 0.1000000000
delta_t = 0.3700000000

!!!!!!!! Propagation velocity = 270.270270 cm/s !!!!!!!!!!

=============================================================



[!] Propagation velocity! Id = 150
t1 = 6.6500000000
dvdt[140] = 3.4823551336

t2 = 7.0200000000
dvdt[150] = 3.4828906813
delta_x = 0.1000000000
delta_t = 0.3700000000

!!!!!!!! Propagation velocity = 270.270270 cm/s !!!!!!!!!!

=============================================================



[!] Propagation velocity! Id = 200
t1 = 8.5200000000
dvdt[190] = 3.3298023065

t2 = 12.8900000000
dvdt[200] = 4.1946601003
delta_x = 0.1000000000
delta_t = 4.3700000000

!!!!!!!! Propagation velocity = 22.883295 cm/s !!!!!!!!!!

=============================================================

