

[!] Propagation velocity! Id = 59
t1 = 5.4500000000
dvdt[54] = 1.4437739931

t2 = 5.8900000000
dvdt[59] = 1.4434022267
delta_x = 0.0820000000
delta_t = 0.4400000000

!!!!!!!! Propagation velocity = 186.363636 cm/s !!!!!!!!!!

=============================================================



[!] Propagation velocity! Id = 119
t1 = 10.6800000000
dvdt[114] = 1.4377751363

t2 = 11.1200000000
dvdt[119] = 1.4373053356
delta_x = 0.0820000000
delta_t = 0.4400000000

!!!!!!!! Propagation velocity = 186.363636 cm/s !!!!!!!!!!

=============================================================



[!] Propagation velocity! Id = 178
t1 = 15.8100000000
dvdt[173] = 1.4308009508

t2 = 16.2500000000
dvdt[178] = 1.4306442020
delta_x = 0.0820000000
delta_t = 0.4400000000

!!!!!!!! Propagation velocity = 186.363636 cm/s !!!!!!!!!!

=============================================================



[!] Propagation velocity! Id = 242
t1 = 21.4600000000
dvdt[237] = 1.0784866510

t2 = 22.2600000000
dvdt[242] = 0.0140711973
delta_x = 0.0820000000
delta_t = 0.8000000000

!!!!!!!! Propagation velocity = 102.500000 cm/s !!!!!!!!!!

=============================================================

