

[!] Propagation velocity! Id = 30
t1 = 2.2800000000
dvdt[25] = 3.5346727049

t2 = 2.5700000000
dvdt[30] = 3.5254394537
delta_x = 0.0820000000
delta_t = 0.2900000000

!!!!!!!! Propagation velocity = 282.758621 cm/s !!!!!!!!!!

=============================================================



[!] Propagation velocity! Id = 60
t1 = 4.1100000000
dvdt[55] = 3.5149198969

t2 = 4.4200000000
dvdt[60] = 3.5249267566
delta_x = 0.0819999280
delta_t = 0.3100000000

!!!!!!!! Propagation velocity = 264.515897 cm/s !!!!!!!!!!

=============================================================



[!] Propagation velocity! Id = 180
t1 = 4.1100000000
dvdt[175] = 3.5149198969

t2 = 4.4200000000
dvdt[180] = 3.5249267566
delta_x = 0.0819999280
delta_t = 0.3100000000

!!!!!!!! Propagation velocity = 264.515897 cm/s !!!!!!!!!!

=============================================================



[!] Propagation velocity! Id = 100
t1 = 6.7100000000
dvdt[95] = 3.5232954725

t2 = 7.0600000000
dvdt[100] = 3.5292349138
delta_x = 0.0820000000
delta_t = 0.3500000000

!!!!!!!! Propagation velocity = 234.285714 cm/s !!!!!!!!!!

=============================================================



[!] Propagation velocity! Id = 140
t1 = 6.7100000000
dvdt[135] = 3.5232954725

t2 = 7.0600000000
dvdt[140] = 3.5292349138
delta_x = 0.0819999280
delta_t = 0.3500000000

!!!!!!!! Propagation velocity = 234.285509 cm/s !!!!!!!!!!

=============================================================



[!] Propagation velocity! Id = 220
t1 = 6.7100000000
dvdt[215] = 3.5232954725

t2 = 7.0600000000
dvdt[220] = 3.5292349138
delta_x = 0.0819999280
delta_t = 0.3500000000

!!!!!!!! Propagation velocity = 234.285509 cm/s !!!!!!!!!!

=============================================================



[!] Propagation velocity! Id = 260
t1 = 6.7100000000
dvdt[255] = 3.5232954725

t2 = 7.0600000000
dvdt[260] = 3.5292349137
delta_x = 0.0820000000
delta_t = 0.3500000000

!!!!!!!! Propagation velocity = 234.285714 cm/s !!!!!!!!!!

=============================================================



[!] Propagation velocity! Id = 120
t1 = 8.1200000000
dvdt[115] = 3.3152675513

t2 = 29.0800000000
dvdt[120] = 2.4392851818
delta_x = 0.0820000000
delta_t = 20.9600000000

!!!!!!!! Propagation velocity = 3.912214 cm/s !!!!!!!!!!

=============================================================



[!] Propagation velocity! Id = 160
t1 = 8.1200000000
dvdt[155] = 3.3152675513

t2 = 29.0800000000
dvdt[160] = 2.4392851818
delta_x = 0.0819999280
delta_t = 20.9600000000

!!!!!!!! Propagation velocity = 3.912210 cm/s !!!!!!!!!!

=============================================================



[!] Propagation velocity! Id = 240
t1 = 8.1200000000
dvdt[235] = 3.3152675513

t2 = 29.0800000000
dvdt[240] = 2.4392851818
delta_x = 0.0819999280
delta_t = 20.9600000000

!!!!!!!! Propagation velocity = 3.912210 cm/s !!!!!!!!!!

=============================================================



[!] Propagation velocity! Id = 280
t1 = 8.1200000000
dvdt[275] = 3.3152675513

t2 = 29.0800000000
dvdt[280] = 2.4392851817
delta_x = 0.0820000000
delta_t = 20.9600000000

!!!!!!!! Propagation velocity = 3.912214 cm/s !!!!!!!!!!

=============================================================

