

[!] Propagation velocity! Id = 25
t1 = 2.0200000000
dvdt[15] = 1.4603904323

t2 = 2.7900000000
dvdt[25] = 1.4567512357
delta_x = 0.2000000000
delta_t = 0.7700000000

!!!!!!!! Propagation velocity = 259.740260 cm/s !!!!!!!!!!

=============================================================



[!] Propagation velocity! Id = 50
t1 = 3.9500000000
dvdt[40] = 1.4572645095

t2 = 4.7200000000
dvdt[50] = 1.4582504970
delta_x = 0.2000000000
delta_t = 0.7700000000

!!!!!!!! Propagation velocity = 259.740260 cm/s !!!!!!!!!!

=============================================================



[!] Propagation velocity! Id = 75
t1 = 5.8800000000
dvdt[65] = 1.4601761704

t2 = 6.6500000000
dvdt[75] = 1.4620937888
delta_x = 0.2000000000
delta_t = 0.7700000000

!!!!!!!! Propagation velocity = 259.740260 cm/s !!!!!!!!!!

=============================================================



[!] Propagation velocity! Id = 100
t1 = 7.8300000000
dvdt[90] = 1.3885340383

t2 = 8.7400000000
dvdt[100] = 0.0281494668
delta_x = 0.2000000000
delta_t = 0.9100000000

!!!!!!!! Propagation velocity = 219.780220 cm/s !!!!!!!!!!

=============================================================

