

[!] Propagation velocity! Id = 30
t1 = 2.6500000000
dvdt[25] = 1.4404927600

t2 = 2.9800000000
dvdt[30] = 1.4255486002
delta_x = 0.0820000000
delta_t = 0.3300000000

!!!!!!!! Propagation velocity = 248.484848 cm/s !!!!!!!!!!

=============================================================



[!] Propagation velocity! Id = 60
t1 = 4.8100000000
dvdt[55] = 1.4433052539

t2 = 5.1600000000
dvdt[60] = 1.4427515901
delta_x = 0.0819999280
delta_t = 0.3500000000

!!!!!!!! Propagation velocity = 234.285509 cm/s !!!!!!!!!!

=============================================================



[!] Propagation velocity! Id = 180
t1 = 4.8100000000
dvdt[175] = 1.4433052539

t2 = 5.1600000000
dvdt[180] = 1.4427515901
delta_x = 0.0819999280
delta_t = 0.3500000000

!!!!!!!! Propagation velocity = 234.285509 cm/s !!!!!!!!!!

=============================================================



[!] Propagation velocity! Id = 100
t1 = 7.8000000000
dvdt[95] = 1.4412664253

t2 = 8.1700000000
dvdt[100] = 1.4412405555
delta_x = 0.0820000000
delta_t = 0.3700000000

!!!!!!!! Propagation velocity = 221.621622 cm/s !!!!!!!!!!

=============================================================



[!] Propagation velocity! Id = 140
t1 = 7.8000000000
dvdt[135] = 1.4412664253

t2 = 8.1700000000
dvdt[140] = 1.4412405555
delta_x = 0.0819999280
delta_t = 0.3700000000

!!!!!!!! Propagation velocity = 221.621427 cm/s !!!!!!!!!!

=============================================================



[!] Propagation velocity! Id = 220
t1 = 7.8000000000
dvdt[215] = 1.4412664253

t2 = 8.1700000000
dvdt[220] = 1.4412405555
delta_x = 0.0819999280
delta_t = 0.3700000000

!!!!!!!! Propagation velocity = 221.621427 cm/s !!!!!!!!!!

=============================================================



[!] Propagation velocity! Id = 260
t1 = 7.8000000000
dvdt[255] = 1.4412664253

t2 = 8.1700000000
dvdt[260] = 1.4412405555
delta_x = 0.0820000000
delta_t = 0.3700000000

!!!!!!!! Propagation velocity = 221.621622 cm/s !!!!!!!!!!

=============================================================



[!] Propagation velocity! Id = 120
t1 = 9.3400000000
dvdt[115] = 0.9921856987

t2 = 12.5200000000
dvdt[120] = 1.6757605085
delta_x = 0.0820000000
delta_t = 3.1800000000

!!!!!!!! Propagation velocity = 25.786164 cm/s !!!!!!!!!!

=============================================================



[!] Propagation velocity! Id = 160
t1 = 9.3400000000
dvdt[155] = 0.9921856987

t2 = 12.5200000000
dvdt[160] = 1.6757605085
delta_x = 0.0819999280
delta_t = 3.1800000000

!!!!!!!! Propagation velocity = 25.786141 cm/s !!!!!!!!!!

=============================================================



[!] Propagation velocity! Id = 240
t1 = 9.3400000000
dvdt[235] = 0.9921856987

t2 = 12.5200000000
dvdt[240] = 1.6757605085
delta_x = 0.0819999280
delta_t = 3.1800000000

!!!!!!!! Propagation velocity = 25.786141 cm/s !!!!!!!!!!

=============================================================



[!] Propagation velocity! Id = 280
t1 = 9.3400000000
dvdt[275] = 0.9921856987

t2 = 12.5200000000
dvdt[280] = 1.6757605085
delta_x = 0.0820000000
delta_t = 3.1800000000

!!!!!!!! Propagation velocity = 25.786164 cm/s !!!!!!!!!!

=============================================================

