

[!] Propagation velocity! Id = 59
t1 = 4.5200000000
dvdt[54] = 3.5252105299

t2 = 4.8800000000
dvdt[59] = 3.5209029857
delta_x = 0.0820000000
delta_t = 0.3600000000

!!!!!!!! Propagation velocity = 227.777778 cm/s !!!!!!!!!!

=============================================================



[!] Propagation velocity! Id = 119
t1 = 8.7700000000
dvdt[114] = 3.5273210556

t2 = 9.1200000000
dvdt[119] = 3.5328640673
delta_x = 0.0820000000
delta_t = 0.3500000000

!!!!!!!! Propagation velocity = 234.285714 cm/s !!!!!!!!!!

=============================================================



[!] Propagation velocity! Id = 178
t1 = 12.9300000000
dvdt[173] = 3.5374172197

t2 = 13.2800000000
dvdt[178] = 3.5305030838
delta_x = 0.0820000000
delta_t = 0.3500000000

!!!!!!!! Propagation velocity = 234.285714 cm/s !!!!!!!!!!

=============================================================



[!] Propagation velocity! Id = 242
t1 = 17.4300000000
dvdt[237] = 3.3512009729

t2 = 17.8200000000
dvdt[242] = 0.0285932887
delta_x = 0.0820000000
delta_t = 0.3900000000

!!!!!!!! Propagation velocity = 210.256410 cm/s !!!!!!!!!!

=============================================================

