

[!] Propagation velocity! Id = 12
t1 = 1.2300000000
dvdt[2] = 1.7145677978

t2 = 1.8100000000
dvdt[12] = 1.4648113014
delta_x = 0.2000000000
delta_t = 0.5800000000

!!!!!!!! Propagation velocity = 344.827586 cm/s !!!!!!!!!!

=============================================================



[!] Propagation velocity! Id = 25
t1 = 2.0400000000
dvdt[15] = 1.4398974407

t2 = 3.2100000000
dvdt[25] = 1.0361530734
delta_x = 0.2000000000
delta_t = 1.1700000000

!!!!!!!! Propagation velocity = 170.940171 cm/s !!!!!!!!!!

=============================================================



[!] Propagation velocity! Id = 37
t1 = 3.3400000000
dvdt[27] = 1.2922190723

t2 = 4.0600000000
dvdt[37] = 1.4224431156
delta_x = 0.1999999301
delta_t = 0.7200000000

!!!!!!!! Propagation velocity = 277.777681 cm/s !!!!!!!!!!

=============================================================



[!] Propagation velocity! Id = 62
t1 = 3.4000000000
dvdt[52] = 1.3628755831

t2 = 4.1400000000
dvdt[62] = 1.4074269923
delta_x = 0.1999999301
delta_t = 0.7400000000

!!!!!!!! Propagation velocity = 270.270176 cm/s !!!!!!!!!!

=============================================================



[!] Propagation velocity! Id = 49
t1 = 4.2200000000
dvdt[39] = 1.3856486966

t2 = 9.2300000000
dvdt[49] = 1.5273010701
delta_x = 0.1999999301
delta_t = 5.0100000000

!!!!!!!! Propagation velocity = 39.920146 cm/s !!!!!!!!!!

=============================================================



[!] Propagation velocity! Id = 73
t1 = 4.2200000000
dvdt[63] = 1.3856486966

t2 = 9.2300000000
dvdt[73] = 1.5273010701
delta_x = 0.1999999301
delta_t = 5.0100000000

!!!!!!!! Propagation velocity = 39.920146 cm/s !!!!!!!!!!

=============================================================

