

[!] Propagation velocity! Id = 25
t1 = 2.5500000000
dvdt[15] = 1.3750052908

t2 = 2.8800000000
dvdt[25] = 1.4275943584
delta_x = 0.1000000000
delta_t = 0.3300000000

!!!!!!!! Propagation velocity = 303.030303 cm/s !!!!!!!!!!

=============================================================



[!] Propagation velocity! Id = 50
t1 = 3.4300000000
dvdt[40] = 1.4485781044

t2 = 3.8100000000
dvdt[50] = 1.4529112440
delta_x = 0.1000000000
delta_t = 0.3800000000

!!!!!!!! Propagation velocity = 263.157895 cm/s !!!!!!!!!!

=============================================================



[!] Propagation velocity! Id = 75
t1 = 4.3900000000
dvdt[65] = 1.4509751457

t2 = 4.7800000000
dvdt[75] = 1.4274450033
delta_x = 0.1000000000
delta_t = 0.3900000000

!!!!!!!! Propagation velocity = 256.410256 cm/s !!!!!!!!!!

=============================================================



[!] Propagation velocity! Id = 100
t1 = 5.4000000000
dvdt[90] = 0.9918978672

t2 = 19.5100000000
dvdt[100] = 0.8706201790
delta_x = 0.1000000000
delta_t = 14.1100000000

!!!!!!!! Propagation velocity = 7.087172 cm/s !!!!!!!!!!

=============================================================

