

[!] Propagation velocity! Id = 125
t1 = 9.2600000000
dvdt[115] = 3.5421735377

t2 = 10.0100000000
dvdt[125] = 3.5418085457
delta_x = 0.2000000000
delta_t = 0.7500000000

!!!!!!!! Propagation velocity = 266.666667 cm/s !!!!!!!!!!

=============================================================



[!] Propagation velocity! Id = 250
t1 = 18.6400000000
dvdt[240] = 3.5427331992

t2 = 19.3900000000
dvdt[250] = 3.5428325327
delta_x = 0.2000000000
delta_t = 0.7500000000

!!!!!!!! Propagation velocity = 266.666667 cm/s !!!!!!!!!!

=============================================================



[!] Propagation velocity! Id = 375
t1 = 28.0100000000
dvdt[365] = 3.5426361533

t2 = 28.7600000000
dvdt[375] = 3.5430539111
delta_x = 0.2000000000
delta_t = 0.7500000000

!!!!!!!! Propagation velocity = 266.666667 cm/s !!!!!!!!!!

=============================================================



[!] Propagation velocity! Id = 500
t1 = 37.3700000000
dvdt[490] = 3.5396244792

t2 = 63.6900000000
dvdt[500] = 2.0922650845
delta_x = 0.2000000000
delta_t = 26.3200000000

!!!!!!!! Propagation velocity = 7.598784 cm/s !!!!!!!!!!

=============================================================

