

[!] Propagation velocity! Id = 25
t1 = 2.5600000000
dvdt[15] = 1.3684126619

t2 = 2.9000000000
dvdt[25] = 1.4093851729
delta_x = 0.1000000000
delta_t = 0.3400000000

!!!!!!!! Propagation velocity = 294.117647 cm/s !!!!!!!!!!

=============================================================



[!] Propagation velocity! Id = 50
t1 = 3.4800000000
dvdt[40] = 1.2924236211

t2 = 4.2300000000
dvdt[50] = 1.0587614169
delta_x = 0.1000000000
delta_t = 0.7500000000

!!!!!!!! Propagation velocity = 133.333333 cm/s !!!!!!!!!!

=============================================================



[!] Propagation velocity! Id = 75
t1 = 4.7300000000
dvdt[65] = 1.4405324767

t2 = 5.1100000000
dvdt[75] = 1.4185073364
delta_x = 0.0999995320
delta_t = 0.3800000000

!!!!!!!! Propagation velocity = 263.156663 cm/s !!!!!!!!!!

=============================================================



[!] Propagation velocity! Id = 125
t1 = 4.7600000000
dvdt[115] = 1.4408678870

t2 = 5.1500000000
dvdt[125] = 1.4119468210
delta_x = 0.1000003981
delta_t = 0.3900000000

!!!!!!!! Propagation velocity = 256.411277 cm/s !!!!!!!!!!

=============================================================



[!] Propagation velocity! Id = 99
t1 = 5.6900000000
dvdt[89] = 1.0146864551

t2 = 10.2800000000
dvdt[99] = 1.5184785176
delta_x = 0.0999995320
delta_t = 4.5900000000

!!!!!!!! Propagation velocity = 21.786390 cm/s !!!!!!!!!!

=============================================================



[!] Propagation velocity! Id = 148
t1 = 5.6900000000
dvdt[138] = 1.0146864551

t2 = 10.2800000000
dvdt[148] = 1.5184785176
delta_x = 0.0999995320
delta_t = 4.5900000000

!!!!!!!! Propagation velocity = 21.786390 cm/s !!!!!!!!!!

=============================================================

