

[!] Propagation velocity! Id = 59
t1 = 4.3400000000
dvdt[54] = 3.5315152387

t2 = 4.6800000000
dvdt[59] = 3.5274811420
delta_x = 0.0820000000
delta_t = 0.3400000000

!!!!!!!! Propagation velocity = 241.176471 cm/s !!!!!!!!!!

=============================================================



[!] Propagation velocity! Id = 119
t1 = 8.3700000000
dvdt[114] = 3.5336663436

t2 = 8.7000000000
dvdt[119] = 3.5282932725
delta_x = 0.0820000000
delta_t = 0.3300000000

!!!!!!!! Propagation velocity = 248.484848 cm/s !!!!!!!!!!

=============================================================



[!] Propagation velocity! Id = 178
t1 = 12.3200000000
dvdt[173] = 3.5372877039

t2 = 12.6500000000
dvdt[178] = 3.5420440354
delta_x = 0.0820000000
delta_t = 0.3300000000

!!!!!!!! Propagation velocity = 248.484848 cm/s !!!!!!!!!!

=============================================================



[!] Propagation velocity! Id = 242
t1 = 16.5800000000
dvdt[237] = 3.3113762920

t2 = 16.9900000000
dvdt[242] = 0.0815553615
delta_x = 0.0820000000
delta_t = 0.4100000000

!!!!!!!! Propagation velocity = 200.000000 cm/s !!!!!!!!!!

=============================================================

