

[!] Propagation velocity! Id = 50
t1 = 3.3400000000
dvdt[40] = 1.4380776482

t2 = 3.7200000000
dvdt[50] = 1.4421767763
delta_x = 0.1000000000
delta_t = 0.3800000000

!!!!!!!! Propagation velocity = 263.157895 cm/s !!!!!!!!!!

=============================================================



[!] Propagation velocity! Id = 100
t1 = 5.2300000000
dvdt[90] = 1.4480297479

t2 = 5.6200000000
dvdt[100] = 1.4490269159
delta_x = 0.1000000000
delta_t = 0.3900000000

!!!!!!!! Propagation velocity = 256.410256 cm/s !!!!!!!!!!

=============================================================



[!] Propagation velocity! Id = 150
t1 = 7.1500000000
dvdt[140] = 1.4525284230

t2 = 7.5400000000
dvdt[150] = 1.4531884988
delta_x = 0.1000000000
delta_t = 0.3900000000

!!!!!!!! Propagation velocity = 256.410256 cm/s !!!!!!!!!!

=============================================================



[!] Propagation velocity! Id = 200
t1 = 9.1300000000
dvdt[190] = 1.0487881319

t2 = 11.4800000000
dvdt[200] = 1.7851868602
delta_x = 0.1000000000
delta_t = 2.3500000000

!!!!!!!! Propagation velocity = 42.553191 cm/s !!!!!!!!!!

=============================================================

