

[!] Propagation velocity! Id = 29
t1 = 2.2600000000
dvdt[19] = 1.4500061318

t2 = 2.8900000000
dvdt[29] = 1.4521965132
delta_x = 0.1640000000
delta_t = 0.6300000000

!!!!!!!! Propagation velocity = 260.317460 cm/s !!!!!!!!!!

=============================================================



[!] Propagation velocity! Id = 60
t1 = 4.2100000000
dvdt[50] = 1.4069661984

t2 = 5.2300000000
dvdt[60] = 1.0421419532
delta_x = 0.1640000000
delta_t = 1.0200000000

!!!!!!!! Propagation velocity = 160.784314 cm/s !!!!!!!!!!

=============================================================



[!] Propagation velocity! Id = 88
t1 = 6.2800000000
dvdt[78] = 1.4555172973

t2 = 6.9100000000
dvdt[88] = 1.4580065828
delta_x = 0.1639998561
delta_t = 0.6300000000

!!!!!!!! Propagation velocity = 260.317232 cm/s !!!!!!!!!!

=============================================================



[!] Propagation velocity! Id = 147
t1 = 6.2100000000
dvdt[137] = 1.4553586319

t2 = 6.8400000000
dvdt[147] = 1.4581036636
delta_x = 0.1639998561
delta_t = 0.6300000000

!!!!!!!! Propagation velocity = 260.317232 cm/s !!!!!!!!!!

=============================================================



[!] Propagation velocity! Id = 120
t1 = 8.3300000000
dvdt[110] = 1.3170395057

t2 = 28.5900000000
dvdt[120] = 0.6233755573
delta_x = 0.1639998561
delta_t = 20.2600000000

!!!!!!!! Propagation velocity = 8.094761 cm/s !!!!!!!!!!

=============================================================



[!] Propagation velocity! Id = 180
t1 = 8.3300000000
dvdt[170] = 1.3170395057

t2 = 28.5900000000
dvdt[180] = 0.6233755573
delta_x = 0.1639998561
delta_t = 20.2600000000

!!!!!!!! Propagation velocity = 8.094761 cm/s !!!!!!!!!!

=============================================================

