

[!] Propagation velocity! Id = 148
t1 = 9.2500000000
dvdt[138] = 3.5158197419

t2 = 9.8600000000
dvdt[148] = 3.5162283841
delta_x = 0.1640000000
delta_t = 0.6100000000

!!!!!!!! Propagation velocity = 268.852459 cm/s !!!!!!!!!!

=============================================================



[!] Propagation velocity! Id = 297
t1 = 18.3900000000
dvdt[287] = 3.5094783647

t2 = 19.0000000000
dvdt[297] = 3.5169147857
delta_x = 0.1640000000
delta_t = 0.6100000000

!!!!!!!! Propagation velocity = 268.852459 cm/s !!!!!!!!!!

=============================================================



[!] Propagation velocity! Id = 445
t1 = 27.4500000000
dvdt[435] = 3.5150836281

t2 = 28.0700000000
dvdt[445] = 3.5103286688
delta_x = 0.1640000000
delta_t = 0.6200000000

!!!!!!!! Propagation velocity = 264.516129 cm/s !!!!!!!!!!

=============================================================



[!] Propagation velocity! Id = 608
t1 = 37.3900000000
dvdt[598] = 3.5164736665

t2 = 38.1100000000
dvdt[608] = 0.0917156161
delta_x = 0.1640000000
delta_t = 0.7200000000

!!!!!!!! Propagation velocity = 227.777778 cm/s !!!!!!!!!!

=============================================================

