

[!] Propagation velocity! Id = 50
t1 = 4.0000000000
dvdt[45] = 1.4554600236

t2 = 4.3300000000
dvdt[50] = 1.4759886146
delta_x = 0.0820000000
delta_t = 0.3300000000

!!!!!!!! Propagation velocity = 248.484848 cm/s !!!!!!!!!!

=============================================================



[!] Propagation velocity! Id = 90
t1 = 6.8600000000
dvdt[85] = 1.4560177396

t2 = 7.2600000000
dvdt[90] = 1.4575001633
delta_x = 0.0819999280
delta_t = 0.4000000000

!!!!!!!! Propagation velocity = 204.999820 cm/s !!!!!!!!!!

=============================================================



[!] Propagation velocity! Id = 150
t1 = 6.8600000000
dvdt[145] = 1.4560177396

t2 = 7.2600000000
dvdt[150] = 1.4575001633
delta_x = 0.0819999280
delta_t = 0.4000000000

!!!!!!!! Propagation velocity = 204.999820 cm/s !!!!!!!!!!

=============================================================



[!] Propagation velocity! Id = 120
t1 = 9.3400000000
dvdt[115] = 1.0233917778

t2 = 26.4100000000
dvdt[120] = 0.7406772891
delta_x = 0.0819999280
delta_t = 17.0700000000

!!!!!!!! Propagation velocity = 4.803745 cm/s !!!!!!!!!!

=============================================================



[!] Propagation velocity! Id = 180
t1 = 9.3400000000
dvdt[175] = 1.0233917778

t2 = 26.4100000000
dvdt[180] = 0.7406772891
delta_x = 0.0819999280
delta_t = 17.0700000000

!!!!!!!! Propagation velocity = 4.803745 cm/s !!!!!!!!!!

=============================================================

