

[!] Propagation velocity! Id = 148
t1 = 9.6800000000
dvdt[138] = 1.4468940826

t2 = 10.3100000000
dvdt[148] = 1.4472216046
delta_x = 0.1640000000
delta_t = 0.6300000000

!!!!!!!! Propagation velocity = 260.317460 cm/s !!!!!!!!!!

=============================================================



[!] Propagation velocity! Id = 297
t1 = 19.0100000000
dvdt[287] = 1.4472958734

t2 = 19.6400000000
dvdt[297] = 1.4471627225
delta_x = 0.1640000000
delta_t = 0.6300000000

!!!!!!!! Propagation velocity = 260.317460 cm/s !!!!!!!!!!

=============================================================



[!] Propagation velocity! Id = 445
t1 = 28.2800000000
dvdt[435] = 1.4478737227

t2 = 28.9000000000
dvdt[445] = 1.4479582948
delta_x = 0.1640000000
delta_t = 0.6200000000

!!!!!!!! Propagation velocity = 264.516129 cm/s !!!!!!!!!!

=============================================================



[!] Propagation velocity! Id = 608
t1 = 38.5600000000
dvdt[598] = 1.3247532875

t2 = 44.2200000000
dvdt[608] = 1.4298212497
delta_x = 0.1640000000
delta_t = 5.6600000000

!!!!!!!! Propagation velocity = 28.975265 cm/s !!!!!!!!!!

=============================================================

