

[!] Propagation velocity! Id = 50
t1 = 3.6400000000
dvdt[40] = 3.5353989975

t2 = 4.3800000000
dvdt[50] = 3.5337782944
delta_x = 0.2000000000
delta_t = 0.7400000000

!!!!!!!! Propagation velocity = 270.270270 cm/s !!!!!!!!!!

=============================================================



[!] Propagation velocity! Id = 100
t1 = 7.3800000000
dvdt[90] = 3.5320595447

t2 = 8.1400000000
dvdt[100] = 3.5328183379
delta_x = 0.2000000000
delta_t = 0.7600000000

!!!!!!!! Propagation velocity = 263.157895 cm/s !!!!!!!!!!

=============================================================



[!] Propagation velocity! Id = 150
t1 = 11.1400000000
dvdt[140] = 3.5402239381

t2 = 11.8900000000
dvdt[150] = 3.5408615983
delta_x = 0.2000000000
delta_t = 0.7500000000

!!!!!!!! Propagation velocity = 266.666667 cm/s !!!!!!!!!!

=============================================================



[!] Propagation velocity! Id = 200
t1 = 14.8900000000
dvdt[190] = 3.5288295945

t2 = 20.0900000000
dvdt[200] = 4.1408308077
delta_x = 0.2000000000
delta_t = 5.2000000000

!!!!!!!! Propagation velocity = 38.461538 cm/s !!!!!!!!!!

=============================================================

