

[!] Propagation velocity! Id = 50
t1 = 3.9900000000
dvdt[45] = 1.4520810287

t2 = 4.3200000000
dvdt[50] = 1.4723643438
delta_x = 0.0820000000
delta_t = 0.3300000000

!!!!!!!! Propagation velocity = 248.484848 cm/s !!!!!!!!!!

=============================================================



[!] Propagation velocity! Id = 90
t1 = 6.8200000000
dvdt[85] = 1.4477436143

t2 = 7.2200000000
dvdt[90] = 1.4475630016
delta_x = 0.0819999280
delta_t = 0.4000000000

!!!!!!!! Propagation velocity = 204.999820 cm/s !!!!!!!!!!

=============================================================



[!] Propagation velocity! Id = 150
t1 = 6.8200000000
dvdt[145] = 1.4477436143

t2 = 7.2200000000
dvdt[150] = 1.4475630016
delta_x = 0.0819999280
delta_t = 0.4000000000

!!!!!!!! Propagation velocity = 204.999820 cm/s !!!!!!!!!!

=============================================================



[!] Propagation velocity! Id = 120
t1 = 9.1700000000
dvdt[115] = 1.7870351679

t2 = 9.3200000000
dvdt[120] = 2.4526344673
delta_x = 0.0819999280
delta_t = 0.1500000000

!!!!!!!! Propagation velocity = 546.666187 cm/s !!!!!!!!!!

=============================================================



[!] Propagation velocity! Id = 180
t1 = 9.1700000000
dvdt[175] = 1.7870351679

t2 = 9.3200000000
dvdt[180] = 2.4526344673
delta_x = 0.0819999280
delta_t = 0.1500000000

!!!!!!!! Propagation velocity = 546.666187 cm/s !!!!!!!!!!

=============================================================

