

[!] Propagation velocity! Id = 125
t1 = 9.2600000000
dvdt[115] = 3.5422033202

t2 = 10.0100000000
dvdt[125] = 3.5418572538
delta_x = 0.2000000000
delta_t = 0.7500000000

!!!!!!!! Propagation velocity = 266.666667 cm/s !!!!!!!!!!

=============================================================



[!] Propagation velocity! Id = 250
t1 = 18.6400000000
dvdt[240] = 3.5426879428

t2 = 19.3900000000
dvdt[250] = 3.5427806963
delta_x = 0.2000000000
delta_t = 0.7500000000

!!!!!!!! Propagation velocity = 266.666667 cm/s !!!!!!!!!!

=============================================================



[!] Propagation velocity! Id = 375
t1 = 27.9900000000
dvdt[365] = 3.5543776860

t2 = 28.7300000000
dvdt[375] = 3.5496505638
delta_x = 0.2000000000
delta_t = 0.7400000000

!!!!!!!! Propagation velocity = 270.270270 cm/s !!!!!!!!!!

=============================================================



[!] Propagation velocity! Id = 500
t1 = 37.0200000000
dvdt[490] = 3.5643589120

t2 = 37.7700000000
dvdt[500] = 0.0525190165
delta_x = 0.2000000000
delta_t = 0.7500000000

!!!!!!!! Propagation velocity = 266.666667 cm/s !!!!!!!!!!

=============================================================

