

[!] Propagation velocity! Id = 12
t1 = 1.2300000000
dvdt[2] = 1.7122061435

t2 = 1.8000000000
dvdt[12] = 1.4715736019
delta_x = 0.2000000000
delta_t = 0.5700000000

!!!!!!!! Propagation velocity = 350.877193 cm/s !!!!!!!!!!

=============================================================



[!] Propagation velocity! Id = 25
t1 = 2.0300000000
dvdt[15] = 1.4636418988

t2 = 2.8000000000
dvdt[25] = 1.4601671715
delta_x = 0.2000000000
delta_t = 0.7700000000

!!!!!!!! Propagation velocity = 259.740260 cm/s !!!!!!!!!!

=============================================================



[!] Propagation velocity! Id = 37
t1 = 2.9600000000
dvdt[27] = 1.4603571412

t2 = 3.7400000000
dvdt[37] = 1.4384338224
delta_x = 0.2000000000
delta_t = 0.7800000000

!!!!!!!! Propagation velocity = 256.410256 cm/s !!!!!!!!!!

=============================================================



[!] Propagation velocity! Id = 50
t1 = 3.9800000000
dvdt[40] = 1.3903742888

t2 = 9.0000000000
dvdt[50] = 1.5265590113
delta_x = 0.2000000000
delta_t = 5.0200000000

!!!!!!!! Propagation velocity = 39.840637 cm/s !!!!!!!!!!

=============================================================

