

[!] Propagation velocity! Id = 59
t1 = 4.1200000000
dvdt[49] = 1.4477562455

t2 = 4.7400000000
dvdt[59] = 1.4479317834
delta_x = 0.1640000000
delta_t = 0.6200000000

!!!!!!!! Propagation velocity = 264.516129 cm/s !!!!!!!!!!

=============================================================



[!] Propagation velocity! Id = 121
t1 = 8.0100000000
dvdt[111] = 1.4014175168

t2 = 9.0200000000
dvdt[121] = 1.0379995455
delta_x = 0.1640000000
delta_t = 1.0100000000

!!!!!!!! Propagation velocity = 162.376238 cm/s !!!!!!!!!!

=============================================================



[!] Propagation velocity! Id = 178
t1 = 11.8700000000
dvdt[168] = 1.4498884558

t2 = 12.4900000000
dvdt[178] = 1.4509120420
delta_x = 0.1640007221
delta_t = 0.6200000000

!!!!!!!! Propagation velocity = 264.517294 cm/s !!!!!!!!!!

=============================================================



[!] Propagation velocity! Id = 297
t1 = 11.7400000000
dvdt[287] = 1.4500385017

t2 = 12.3700000000
dvdt[297] = 1.4508580610
delta_x = 0.1639998561
delta_t = 0.6300000000

!!!!!!!! Propagation velocity = 260.317232 cm/s !!!!!!!!!!

=============================================================



[!] Propagation velocity! Id = 242
t1 = 15.9300000000
dvdt[232] = 1.3271105255

t2 = 18.9800000000
dvdt[242] = 1.7361625558
delta_x = 0.1639998561
delta_t = 3.0500000000

!!!!!!!! Propagation velocity = 53.770445 cm/s !!!!!!!!!!

=============================================================



[!] Propagation velocity! Id = 363
t1 = 15.9300000000
dvdt[353] = 1.3271105255

t2 = 18.9800000000
dvdt[363] = 1.7361625558
delta_x = 0.1639998561
delta_t = 3.0500000000

!!!!!!!! Propagation velocity = 53.770445 cm/s !!!!!!!!!!

=============================================================

