

[!] Propagation velocity! Id = 14
t1 = 1.1000000000
dvdt[4] = 4.1108802644

t2 = 1.6500000000
dvdt[14] = 3.6027105889
delta_x = 0.1640000000
delta_t = 0.5500000000

!!!!!!!! Propagation velocity = 298.181818 cm/s !!!!!!!!!!

=============================================================



[!] Propagation velocity! Id = 29
t1 = 1.9500000000
dvdt[19] = 3.5594012409

t2 = 2.5600000000
dvdt[29] = 3.5228937197
delta_x = 0.1640000000
delta_t = 0.6100000000

!!!!!!!! Propagation velocity = 268.852459 cm/s !!!!!!!!!!

=============================================================



[!] Propagation velocity! Id = 43
t1 = 2.8000000000
dvdt[33] = 3.5279939924

t2 = 3.4100000000
dvdt[43] = 3.5231030625
delta_x = 0.1640000000
delta_t = 0.6100000000

!!!!!!!! Propagation velocity = 268.852459 cm/s !!!!!!!!!!

=============================================================



[!] Propagation velocity! Id = 58
t1 = 3.7100000000
dvdt[48] = 3.5075320770

t2 = 25.2100000000
dvdt[58] = 1.7319468025
delta_x = 0.1640000000
delta_t = 21.5000000000

!!!!!!!! Propagation velocity = 7.627907 cm/s !!!!!!!!!!

=============================================================

