

[!] Propagation velocity! Id = 59
t1 = 4.4800000000
dvdt[54] = 3.5339241328

t2 = 4.8300000000
dvdt[59] = 3.5355396092
delta_x = 0.0820000000
delta_t = 0.3500000000

!!!!!!!! Propagation velocity = 234.285714 cm/s !!!!!!!!!!

=============================================================



[!] Propagation velocity! Id = 119
t1 = 8.7000000000
dvdt[114] = 3.5316695166

t2 = 9.0500000000
dvdt[119] = 3.5348702205
delta_x = 0.0820000000
delta_t = 0.3500000000

!!!!!!!! Propagation velocity = 234.285714 cm/s !!!!!!!!!!

=============================================================



[!] Propagation velocity! Id = 178
t1 = 12.8500000000
dvdt[173] = 3.5245510104

t2 = 13.2000000000
dvdt[178] = 3.5307388727
delta_x = 0.0820000000
delta_t = 0.3500000000

!!!!!!!! Propagation velocity = 234.285714 cm/s !!!!!!!!!!

=============================================================



[!] Propagation velocity! Id = 242
t1 = 17.3500000000
dvdt[237] = 3.3282647737

t2 = 43.5100000000
dvdt[242] = 2.0740885777
delta_x = 0.0820000000
delta_t = 26.1600000000

!!!!!!!! Propagation velocity = 3.134557 cm/s !!!!!!!!!!

=============================================================

