

[!] Propagation velocity! Id = 30
t1 = 2.6600000000
dvdt[25] = 1.4481907791

t2 = 3.0000000000
dvdt[30] = 1.4416918362
delta_x = 0.0820000000
delta_t = 0.3400000000

!!!!!!!! Propagation velocity = 241.176471 cm/s !!!!!!!!!!

=============================================================



[!] Propagation velocity! Id = 60
t1 = 4.7900000000
dvdt[55] = 1.4524641218

t2 = 5.1600000000
dvdt[60] = 1.4529183145
delta_x = 0.0819999280
delta_t = 0.3700000000

!!!!!!!! Propagation velocity = 221.621427 cm/s !!!!!!!!!!

=============================================================



[!] Propagation velocity! Id = 180
t1 = 4.7900000000
dvdt[175] = 1.4524641218

t2 = 5.1600000000
dvdt[180] = 1.4529183145
delta_x = 0.0819999280
delta_t = 0.3700000000

!!!!!!!! Propagation velocity = 221.621427 cm/s !!!!!!!!!!

=============================================================



[!] Propagation velocity! Id = 100
t1 = 7.8200000000
dvdt[95] = 1.4591040248

t2 = 8.2300000000
dvdt[100] = 1.4594185390
delta_x = 0.0820000000
delta_t = 0.4100000000

!!!!!!!! Propagation velocity = 200.000000 cm/s !!!!!!!!!!

=============================================================



[!] Propagation velocity! Id = 140
t1 = 7.8200000000
dvdt[135] = 1.4591040248

t2 = 8.2300000000
dvdt[140] = 1.4594185390
delta_x = 0.0819999280
delta_t = 0.4100000000

!!!!!!!! Propagation velocity = 199.999824 cm/s !!!!!!!!!!

=============================================================



[!] Propagation velocity! Id = 220
t1 = 7.8200000000
dvdt[215] = 1.4591040248

t2 = 8.2300000000
dvdt[220] = 1.4594185390
delta_x = 0.0819999280
delta_t = 0.4100000000

!!!!!!!! Propagation velocity = 199.999824 cm/s !!!!!!!!!!

=============================================================



[!] Propagation velocity! Id = 260
t1 = 7.8200000000
dvdt[255] = 1.4591040248

t2 = 8.2300000000
dvdt[260] = 1.4594185390
delta_x = 0.0820000000
delta_t = 0.4100000000

!!!!!!!! Propagation velocity = 200.000000 cm/s !!!!!!!!!!

=============================================================



[!] Propagation velocity! Id = 120
t1 = 9.5000000000
dvdt[115] = 1.0235869094

t2 = 26.5800000000
dvdt[120] = 0.7403509471
delta_x = 0.0820000000
delta_t = 17.0800000000

!!!!!!!! Propagation velocity = 4.800937 cm/s !!!!!!!!!!

=============================================================



[!] Propagation velocity! Id = 160
t1 = 9.5000000000
dvdt[155] = 1.0235869094

t2 = 26.5800000000
dvdt[160] = 0.7403509471
delta_x = 0.0819999280
delta_t = 17.0800000000

!!!!!!!! Propagation velocity = 4.800933 cm/s !!!!!!!!!!

=============================================================



[!] Propagation velocity! Id = 240
t1 = 9.5000000000
dvdt[235] = 1.0235869094

t2 = 26.5800000000
dvdt[240] = 0.7403509471
delta_x = 0.0819999280
delta_t = 17.0800000000

!!!!!!!! Propagation velocity = 4.800933 cm/s !!!!!!!!!!

=============================================================



[!] Propagation velocity! Id = 280
t1 = 9.5000000000
dvdt[275] = 1.0235869094

t2 = 26.5800000000
dvdt[280] = 0.7403509471
delta_x = 0.0820000000
delta_t = 17.0800000000

!!!!!!!! Propagation velocity = 4.800937 cm/s !!!!!!!!!!

=============================================================

