

[!] Propagation velocity! Id = 50
t1 = 3.2500000000
dvdt[45] = 3.4994045885

t2 = 3.5000000000
dvdt[50] = 3.4868608954
delta_x = 0.0820000000
delta_t = 0.2500000000

!!!!!!!! Propagation velocity = 328.000000 cm/s !!!!!!!!!!

=============================================================



[!] Propagation velocity! Id = 90
t1 = 5.3600000000
dvdt[85] = 3.4984177270

t2 = 5.6200000000
dvdt[90] = 3.4998167105
delta_x = 0.0819999280
delta_t = 0.2600000000

!!!!!!!! Propagation velocity = 315.384339 cm/s !!!!!!!!!!

=============================================================



[!] Propagation velocity! Id = 150
t1 = 5.3600000000
dvdt[145] = 3.4984177270

t2 = 5.6200000000
dvdt[150] = 3.4998167105
delta_x = 0.0819999280
delta_t = 0.2600000000

!!!!!!!! Propagation velocity = 315.384339 cm/s !!!!!!!!!!

=============================================================



[!] Propagation velocity! Id = 120
t1 = 6.9200000000
dvdt[115] = 3.8677774212

t2 = 7.0600000000
dvdt[120] = 6.5356930757
delta_x = 0.0819999280
delta_t = 0.1400000000

!!!!!!!! Propagation velocity = 585.713772 cm/s !!!!!!!!!!

=============================================================



[!] Propagation velocity! Id = 180
t1 = 6.9200000000
dvdt[175] = 3.8677774212

t2 = 7.0600000000
dvdt[180] = 6.5356930757
delta_x = 0.0819999280
delta_t = 0.1400000000

!!!!!!!! Propagation velocity = 585.713772 cm/s !!!!!!!!!!

=============================================================

