

[!] Propagation velocity! Id = 250
t1 = 10.9300000000
dvdt[240] = 1.4454343559

t2 = 11.3200000000
dvdt[250] = 1.4455261687
delta_x = 0.1000000000
delta_t = 0.3900000000

!!!!!!!! Propagation velocity = 256.410256 cm/s !!!!!!!!!!

=============================================================



[!] Propagation velocity! Id = 500
t1 = 20.4700000000
dvdt[490] = 1.4458977504

t2 = 20.8500000000
dvdt[500] = 1.4459246261
delta_x = 0.1000000000
delta_t = 0.3800000000

!!!!!!!! Propagation velocity = 263.157895 cm/s !!!!!!!!!!

=============================================================



[!] Propagation velocity! Id = 750
t1 = 30.0100000000
dvdt[740] = 1.4470917783

t2 = 30.3900000000
dvdt[750] = 1.4472270511
delta_x = 0.1000000000
delta_t = 0.3800000000

!!!!!!!! Propagation velocity = 263.157895 cm/s !!!!!!!!!!

=============================================================



[!] Propagation velocity! Id = 1000
t1 = 39.6600000000
dvdt[990] = 0.9893687892

t2 = 54.2900000000
dvdt[1000] = 0.8439893297
delta_x = 0.1000000000
delta_t = 14.6300000000

!!!!!!!! Propagation velocity = 6.835270 cm/s !!!!!!!!!!

=============================================================

