

[!] Propagation velocity! Id = 12
t1 = 1.1600000000
dvdt[2] = 3.8968848620

t2 = 1.5700000000
dvdt[12] = 3.6652189121
delta_x = 0.2000000000
delta_t = 0.4100000000

!!!!!!!! Propagation velocity = 487.804878 cm/s !!!!!!!!!!

=============================================================



[!] Propagation velocity! Id = 25
t1 = 1.7200000000
dvdt[15] = 3.6008926307

t2 = 2.3900000000
dvdt[25] = 1.9346288685
delta_x = 0.2000000000
delta_t = 0.6700000000

!!!!!!!! Propagation velocity = 298.507463 cm/s !!!!!!!!!!

=============================================================



[!] Propagation velocity! Id = 37
t1 = 2.5100000000
dvdt[27] = 3.0379777135

t2 = 3.0200000000
dvdt[37] = 3.5313469174
delta_x = 0.1999999301
delta_t = 0.5100000000

!!!!!!!! Propagation velocity = 392.156726 cm/s !!!!!!!!!!

=============================================================



[!] Propagation velocity! Id = 50
t1 = 3.1800000000
dvdt[40] = 3.4823045205

t2 = 2.4600000000
dvdt[50] = 2.5850998442
delta_x = 0.3200007542
delta_t = -0.7200000000

!!!!!!!! Propagation velocity = 0.000000 cm/s !!!!!!!!!!

=============================================================



[!] Propagation velocity! Id = 62
t1 = 2.5600000000
dvdt[52] = 3.2907434075

t2 = 3.0700000000
dvdt[62] = 3.5163438185
delta_x = 0.1999999301
delta_t = 0.5100000000

!!!!!!!! Propagation velocity = 392.156726 cm/s !!!!!!!!!!

=============================================================



[!] Propagation velocity! Id = 75
t1 = 3.2300000000
dvdt[65] = 3.4375767419

t2 = 3.7700000000
dvdt[75] = 0.0525953607
delta_x = 2.1599999441
delta_t = 0.5400000000

!!!!!!!! Propagation velocity = 3999.999896 cm/s !!!!!!!!!!

=============================================================

