

[!] Propagation velocity! Id = 29
t1 = 2.2600000000
dvdt[19] = 1.4501960058

t2 = 2.8900000000
dvdt[29] = 1.4525932931
delta_x = 0.1640000000
delta_t = 0.6300000000

!!!!!!!! Propagation velocity = 260.317460 cm/s !!!!!!!!!!

=============================================================



[!] Propagation velocity! Id = 60
t1 = 4.2100000000
dvdt[50] = 1.4070501463

t2 = 5.2400000000
dvdt[60] = 1.0422994644
delta_x = 0.1640000000
delta_t = 1.0300000000

!!!!!!!! Propagation velocity = 159.223301 cm/s !!!!!!!!!!

=============================================================



[!] Propagation velocity! Id = 88
t1 = 6.2800000000
dvdt[78] = 1.4560161663

t2 = 6.9100000000
dvdt[88] = 1.4584857530
delta_x = 0.1639998561
delta_t = 0.6300000000

!!!!!!!! Propagation velocity = 260.317232 cm/s !!!!!!!!!!

=============================================================



[!] Propagation velocity! Id = 147
t1 = 6.2100000000
dvdt[137] = 1.4554079588

t2 = 6.8400000000
dvdt[147] = 1.4581424853
delta_x = 0.1639998561
delta_t = 0.6300000000

!!!!!!!! Propagation velocity = 260.317232 cm/s !!!!!!!!!!

=============================================================



[!] Propagation velocity! Id = 120
t1 = 8.3300000000
dvdt[110] = 1.3149893975

t2 = 35.3300000000
dvdt[120] = 0.4149045936
delta_x = 0.1639998561
delta_t = 27.0000000000

!!!!!!!! Propagation velocity = 6.074069 cm/s !!!!!!!!!!

=============================================================



[!] Propagation velocity! Id = 180
t1 = 8.3300000000
dvdt[170] = 1.3149893975

t2 = 35.3300000000
dvdt[180] = 0.4149045936
delta_x = 0.1639998561
delta_t = 27.0000000000

!!!!!!!! Propagation velocity = 6.074069 cm/s !!!!!!!!!!

=============================================================

