

[!] Propagation velocity! Id = 25
t1 = 1.9200000000
dvdt[15] = 3.6643995035

t2 = 2.2700000000
dvdt[25] = 3.5739340583
delta_x = 0.1000000000
delta_t = 0.3500000000

!!!!!!!! Propagation velocity = 285.714286 cm/s !!!!!!!!!!

=============================================================



[!] Propagation velocity! Id = 50
t1 = 2.8000000000
dvdt[40] = 3.5233431150

t2 = 3.1700000000
dvdt[50] = 3.5170610764
delta_x = 0.1000000000
delta_t = 0.3700000000

!!!!!!!! Propagation velocity = 270.270270 cm/s !!!!!!!!!!

=============================================================



[!] Propagation velocity! Id = 75
t1 = 3.7200000000
dvdt[65] = 3.5024268782

t2 = 4.0800000000
dvdt[75] = 3.5075204965
delta_x = 0.1000000000
delta_t = 0.3600000000

!!!!!!!! Propagation velocity = 277.777778 cm/s !!!!!!!!!!

=============================================================



[!] Propagation velocity! Id = 100
t1 = 4.6400000000
dvdt[90] = 3.3471324466

t2 = 5.0900000000
dvdt[100] = 0.0912082585
delta_x = 0.1000000000
delta_t = 0.4500000000

!!!!!!!! Propagation velocity = 222.222222 cm/s !!!!!!!!!!

=============================================================

