

[!] Propagation velocity! Id = 59
t1 = 4.8600000000
dvdt[54] = 3.5428062561

t2 = 5.2500000000
dvdt[59] = 3.5404710113
delta_x = 0.0820000000
delta_t = 0.3900000000

!!!!!!!! Propagation velocity = 210.256410 cm/s !!!!!!!!!!

=============================================================



[!] Propagation velocity! Id = 119
t1 = 9.5600000000
dvdt[114] = 3.5438830669

t2 = 9.9500000000
dvdt[119] = 3.5399536538
delta_x = 0.0820000000
delta_t = 0.3900000000

!!!!!!!! Propagation velocity = 210.256410 cm/s !!!!!!!!!!

=============================================================



[!] Propagation velocity! Id = 178
t1 = 14.1800000000
dvdt[173] = 3.5545893885

t2 = 14.5700000000
dvdt[178] = 3.5559697133
delta_x = 0.0820000000
delta_t = 0.3900000000

!!!!!!!! Propagation velocity = 210.256410 cm/s !!!!!!!!!!

=============================================================



[!] Propagation velocity! Id = 242
t1 = 19.1600000000
dvdt[237] = 3.4322944355

t2 = 19.5700000000
dvdt[242] = 0.0279476536
delta_x = 0.0820000000
delta_t = 0.4100000000

!!!!!!!! Propagation velocity = 200.000000 cm/s !!!!!!!!!!

=============================================================

