

[!] Propagation velocity! Id = 125
t1 = 9.2600000000
dvdt[115] = 3.5421697585

t2 = 10.0100000000
dvdt[125] = 3.5418023177
delta_x = 0.2000000000
delta_t = 0.7500000000

!!!!!!!! Propagation velocity = 266.666667 cm/s !!!!!!!!!!

=============================================================



[!] Propagation velocity! Id = 250
t1 = 18.6400000000
dvdt[240] = 3.5426912210

t2 = 19.3900000000
dvdt[250] = 3.5427539615
delta_x = 0.2000000000
delta_t = 0.7500000000

!!!!!!!! Propagation velocity = 266.666667 cm/s !!!!!!!!!!

=============================================================



[!] Propagation velocity! Id = 375
t1 = 28.0100000000
dvdt[365] = 3.5339879835

t2 = 28.7600000000
dvdt[375] = 3.5349706295
delta_x = 0.2000000000
delta_t = 0.7500000000

!!!!!!!! Propagation velocity = 266.666667 cm/s !!!!!!!!!!

=============================================================



[!] Propagation velocity! Id = 500
t1 = 37.3900000000
dvdt[490] = 3.5365247393

t2 = 46.8300000000
dvdt[500] = 3.5714110878
delta_x = 0.2000000000
delta_t = 9.4400000000

!!!!!!!! Propagation velocity = 21.186441 cm/s !!!!!!!!!!

=============================================================

