

[!] Propagation velocity! Id = 59
t1 = 4.4000000000
dvdt[54] = 1.4473546953

t2 = 4.7100000000
dvdt[59] = 1.4474201838
delta_x = 0.0820000000
delta_t = 0.3100000000

!!!!!!!! Propagation velocity = 264.516129 cm/s !!!!!!!!!!

=============================================================



[!] Propagation velocity! Id = 119
t1 = 8.1200000000
dvdt[114] = 1.4479446993

t2 = 8.4300000000
dvdt[119] = 1.4480375610
delta_x = 0.0820000000
delta_t = 0.3100000000

!!!!!!!! Propagation velocity = 264.516129 cm/s !!!!!!!!!!

=============================================================



[!] Propagation velocity! Id = 178
t1 = 11.7900000000
dvdt[173] = 1.4507467524

t2 = 12.1000000000
dvdt[178] = 1.4513375912
delta_x = 0.0820000000
delta_t = 0.3100000000

!!!!!!!! Propagation velocity = 264.516129 cm/s !!!!!!!!!!

=============================================================



[!] Propagation velocity! Id = 242
t1 = 15.8300000000
dvdt[237] = 0.8465405054

t2 = 19.8300000000
dvdt[242] = 1.5909658321
delta_x = 0.0820000000
delta_t = 4.0000000000

!!!!!!!! Propagation velocity = 20.500000 cm/s !!!!!!!!!!

=============================================================

