

[!] Propagation velocity! Id = 30
t1 = 2.6700000000
dvdt[25] = 1.4462877973

t2 = 3.0000000000
dvdt[30] = 1.4312750149
delta_x = 0.0820000000
delta_t = 0.3300000000

!!!!!!!! Propagation velocity = 248.484848 cm/s !!!!!!!!!!

=============================================================



[!] Propagation velocity! Id = 60
t1 = 4.8400000000
dvdt[55] = 1.4519357211

t2 = 5.2000000000
dvdt[60] = 1.4525796564
delta_x = 0.0819999280
delta_t = 0.3600000000

!!!!!!!! Propagation velocity = 227.777578 cm/s !!!!!!!!!!

=============================================================



[!] Propagation velocity! Id = 180
t1 = 4.8400000000
dvdt[175] = 1.4519357211

t2 = 5.2000000000
dvdt[180] = 1.4525796564
delta_x = 0.0819999280
delta_t = 0.3600000000

!!!!!!!! Propagation velocity = 227.777578 cm/s !!!!!!!!!!

=============================================================



[!] Propagation velocity! Id = 100
t1 = 7.8500000000
dvdt[95] = 1.4584475208

t2 = 8.2300000000
dvdt[100] = 1.4578415427
delta_x = 0.0820000000
delta_t = 0.3800000000

!!!!!!!! Propagation velocity = 215.789474 cm/s !!!!!!!!!!

=============================================================



[!] Propagation velocity! Id = 140
t1 = 7.8500000000
dvdt[135] = 1.4584475208

t2 = 8.2300000000
dvdt[140] = 1.4578415427
delta_x = 0.0819999280
delta_t = 0.3800000000

!!!!!!!! Propagation velocity = 215.789284 cm/s !!!!!!!!!!

=============================================================



[!] Propagation velocity! Id = 220
t1 = 7.8500000000
dvdt[215] = 1.4584475208

t2 = 8.2300000000
dvdt[220] = 1.4578415427
delta_x = 0.0819999280
delta_t = 0.3800000000

!!!!!!!! Propagation velocity = 215.789284 cm/s !!!!!!!!!!

=============================================================



[!] Propagation velocity! Id = 260
t1 = 7.8500000000
dvdt[255] = 1.4584475208

t2 = 8.2300000000
dvdt[260] = 1.4578415427
delta_x = 0.0820000000
delta_t = 0.3800000000

!!!!!!!! Propagation velocity = 215.789474 cm/s !!!!!!!!!!

=============================================================



[!] Propagation velocity! Id = 120
t1 = 9.4200000000
dvdt[115] = 0.9761197712

t2 = 17.8300000000
dvdt[120] = 1.2028475755
delta_x = 0.0820000000
delta_t = 8.4100000000

!!!!!!!! Propagation velocity = 9.750297 cm/s !!!!!!!!!!

=============================================================



[!] Propagation velocity! Id = 160
t1 = 9.4200000000
dvdt[155] = 0.9761197712

t2 = 17.8300000000
dvdt[160] = 1.2028475755
delta_x = 0.0819999280
delta_t = 8.4100000000

!!!!!!!! Propagation velocity = 9.750289 cm/s !!!!!!!!!!

=============================================================



[!] Propagation velocity! Id = 240
t1 = 9.4200000000
dvdt[235] = 0.9761197712

t2 = 17.8300000000
dvdt[240] = 1.2028475755
delta_x = 0.0819999280
delta_t = 8.4100000000

!!!!!!!! Propagation velocity = 9.750289 cm/s !!!!!!!!!!

=============================================================



[!] Propagation velocity! Id = 280
t1 = 9.4200000000
dvdt[275] = 0.9761197712

t2 = 17.8300000000
dvdt[280] = 1.2028475755
delta_x = 0.0820000000
delta_t = 8.4100000000

!!!!!!!! Propagation velocity = 9.750297 cm/s !!!!!!!!!!

=============================================================

