

[!] Propagation velocity! Id = 25
t1 = 2.5500000000
dvdt[15] = 1.3750054710

t2 = 2.8800000000
dvdt[25] = 1.4275946994
delta_x = 0.1000000000
delta_t = 0.3300000000

!!!!!!!! Propagation velocity = 303.030303 cm/s !!!!!!!!!!

=============================================================



[!] Propagation velocity! Id = 50
t1 = 3.4300000000
dvdt[40] = 1.4485792555

t2 = 3.8100000000
dvdt[50] = 1.4529123832
delta_x = 0.1000000000
delta_t = 0.3800000000

!!!!!!!! Propagation velocity = 263.157895 cm/s !!!!!!!!!!

=============================================================



[!] Propagation velocity! Id = 75
t1 = 4.3900000000
dvdt[65] = 1.4509471796

t2 = 4.7800000000
dvdt[75] = 1.4272166520
delta_x = 0.1000000000
delta_t = 0.3900000000

!!!!!!!! Propagation velocity = 256.410256 cm/s !!!!!!!!!!

=============================================================



[!] Propagation velocity! Id = 100
t1 = 5.4000000000
dvdt[90] = 0.9883406927

t2 = 19.5100000000
dvdt[100] = 0.8721020351
delta_x = 0.1000000000
delta_t = 14.1100000000

!!!!!!!! Propagation velocity = 7.087172 cm/s !!!!!!!!!!

=============================================================

