

[!] Propagation velocity! Id = 29
t1 = 2.2600000000
dvdt[19] = 1.4485535392

t2 = 2.8800000000
dvdt[29] = 1.4509703914
delta_x = 0.1640000000
delta_t = 0.6200000000

!!!!!!!! Propagation velocity = 264.516129 cm/s !!!!!!!!!!

=============================================================



[!] Propagation velocity! Id = 60
t1 = 4.2100000000
dvdt[50] = 1.4055713344

t2 = 5.2300000000
dvdt[60] = 1.0412902164
delta_x = 0.1640000000
delta_t = 1.0200000000

!!!!!!!! Propagation velocity = 160.784314 cm/s !!!!!!!!!!

=============================================================



[!] Propagation velocity! Id = 88
t1 = 6.2600000000
dvdt[78] = 1.4540116585

t2 = 6.8900000000
dvdt[88] = 1.4566104858
delta_x = 0.1639998561
delta_t = 0.6300000000

!!!!!!!! Propagation velocity = 260.317232 cm/s !!!!!!!!!!

=============================================================



[!] Propagation velocity! Id = 147
t1 = 6.2000000000
dvdt[137] = 1.4538373539

t2 = 6.8300000000
dvdt[147] = 1.4566459434
delta_x = 0.1639998561
delta_t = 0.6300000000

!!!!!!!! Propagation velocity = 260.317232 cm/s !!!!!!!!!!

=============================================================



[!] Propagation velocity! Id = 120
t1 = 8.3100000000
dvdt[110] = 1.3244718854

t2 = 13.9400000000
dvdt[120] = 1.4316621149
delta_x = 0.1639998561
delta_t = 5.6300000000

!!!!!!!! Propagation velocity = 29.129637 cm/s !!!!!!!!!!

=============================================================



[!] Propagation velocity! Id = 180
t1 = 8.3100000000
dvdt[170] = 1.3244718854

t2 = 13.9400000000
dvdt[180] = 1.4316621149
delta_x = 0.1639998561
delta_t = 5.6300000000

!!!!!!!! Propagation velocity = 29.129637 cm/s !!!!!!!!!!

=============================================================

