

[!] Propagation velocity! Id = 73
t1 = 2.3200000000
dvdt[63] = 0.0425817320

t2 = 2.4900000000
dvdt[73] = 0.0331385291
delta_x = 0.0680000000
delta_t = 0.1700000000

!!!!!!!! Propagation velocity = 400.000000 cm/s !!!!!!!!!!

=============================================================



[!] Propagation velocity! Id = 147
t1 = 4.3500000000
dvdt[137] = 0.0063555447

t2 = 4.9900000000
dvdt[147] = 0.0044531164
delta_x = 0.0680000000
delta_t = 0.6400000000

!!!!!!!! Propagation velocity = 106.250000 cm/s !!!!!!!!!!

=============================================================



[!] Propagation velocity! Id = 220
t1 = 8.0000000000
dvdt[210] = 0.0015769335

t2 = 8.4400000000
dvdt[220] = 0.0013495884
delta_x = 0.0680002360
delta_t = 0.4400000000

!!!!!!!! Propagation velocity = 154.545991 cm/s !!!!!!!!!!

=============================================================



[!] Propagation velocity! Id = 367
t1 = 8.0000000000
dvdt[357] = 0.0015769335

t2 = 8.4400000000
dvdt[367] = 0.0013495884
delta_x = 0.0680002360
delta_t = 0.4400000000

!!!!!!!! Propagation velocity = 154.545991 cm/s !!!!!!!!!!

=============================================================



[!] Propagation velocity! Id = 294
t1 = 10.7600000000
dvdt[284] = 0.0002935472

t2 = 15.4500000000
dvdt[294] = 0.0001779127
delta_x = 0.0680002360
delta_t = 4.6900000000

!!!!!!!! Propagation velocity = 14.498984 cm/s !!!!!!!!!!

=============================================================



[!] Propagation velocity! Id = 441
t1 = 10.7600000000
dvdt[431] = 0.0002935472

t2 = 15.4500000000
dvdt[441] = 0.0001779127
delta_x = 0.0680002360
delta_t = 4.6900000000

!!!!!!!! Propagation velocity = 14.498984 cm/s !!!!!!!!!!

=============================================================

