

[!] Propagation velocity! Id = 59
t1 = 3.7100000000
dvdt[54] = 3.4965644452

t2 = 3.9700000000
dvdt[59] = 3.5016073533
delta_x = 0.0820000000
delta_t = 0.2600000000

!!!!!!!! Propagation velocity = 315.384615 cm/s !!!!!!!!!!

=============================================================



[!] Propagation velocity! Id = 119
t1 = 6.7600000000
dvdt[114] = 3.4968024971

t2 = 7.0100000000
dvdt[119] = 3.5004169444
delta_x = 0.0820000000
delta_t = 0.2500000000

!!!!!!!! Propagation velocity = 328.000000 cm/s !!!!!!!!!!

=============================================================



[!] Propagation velocity! Id = 178
t1 = 9.7500000000
dvdt[173] = 3.4980790674

t2 = 10.0100000000
dvdt[178] = 3.4911152522
delta_x = 0.0820000000
delta_t = 0.2600000000

!!!!!!!! Propagation velocity = 315.384615 cm/s !!!!!!!!!!

=============================================================



[!] Propagation velocity! Id = 242
t1 = 13.0200000000
dvdt[237] = 2.9744272213

t2 = 17.9700000000
dvdt[242] = 4.0800919696
delta_x = 0.0820000000
delta_t = 4.9500000000

!!!!!!!! Propagation velocity = 16.565657 cm/s !!!!!!!!!!

=============================================================

