

[!] Propagation velocity! Id = 29
t1 = 2.2600000000
dvdt[19] = 1.4490939684

t2 = 2.8800000000
dvdt[29] = 1.4513823415
delta_x = 0.1640000000
delta_t = 0.6200000000

!!!!!!!! Propagation velocity = 264.516129 cm/s !!!!!!!!!!

=============================================================



[!] Propagation velocity! Id = 59
t1 = 4.1400000000
dvdt[49] = 1.4530762494

t2 = 4.7700000000
dvdt[59] = 1.4540000403
delta_x = 0.1640000000
delta_t = 0.6300000000

!!!!!!!! Propagation velocity = 260.317460 cm/s !!!!!!!!!!

=============================================================



[!] Propagation velocity! Id = 88
t1 = 5.9700000000
dvdt[78] = 1.4564515865

t2 = 6.6000000000
dvdt[88] = 1.4580572097
delta_x = 0.1640000000
delta_t = 0.6300000000

!!!!!!!! Propagation velocity = 260.317460 cm/s !!!!!!!!!!

=============================================================



[!] Propagation velocity! Id = 118
t1 = 7.8900000000
dvdt[108] = 1.3818217027

t2 = 34.7400000000
dvdt[118] = 0.3957263555
delta_x = 0.1640000000
delta_t = 26.8500000000

!!!!!!!! Propagation velocity = 6.108007 cm/s !!!!!!!!!!

=============================================================

