

[!] Propagation velocity! Id = 12
t1 = 1.2400000000
dvdt[2] = 1.7155330204

t2 = 1.8200000000
dvdt[12] = 1.4659075363
delta_x = 0.2000000000
delta_t = 0.5800000000

!!!!!!!! Propagation velocity = 344.827586 cm/s !!!!!!!!!!

=============================================================



[!] Propagation velocity! Id = 25
t1 = 2.0500000000
dvdt[15] = 1.4412055150

t2 = 3.2200000000
dvdt[25] = 1.0366830775
delta_x = 0.2000000000
delta_t = 1.1700000000

!!!!!!!! Propagation velocity = 170.940171 cm/s !!!!!!!!!!

=============================================================



[!] Propagation velocity! Id = 37
t1 = 3.3500000000
dvdt[27] = 1.2932241284

t2 = 4.0600000000
dvdt[37] = 1.4227589175
delta_x = 0.1999999301
delta_t = 0.7100000000

!!!!!!!! Propagation velocity = 281.690042 cm/s !!!!!!!!!!

=============================================================



[!] Propagation velocity! Id = 62
t1 = 3.4100000000
dvdt[52] = 1.3640585136

t2 = 4.1400000000
dvdt[62] = 1.4074879102
delta_x = 0.1999999301
delta_t = 0.7300000000

!!!!!!!! Propagation velocity = 273.972507 cm/s !!!!!!!!!!

=============================================================



[!] Propagation velocity! Id = 49
t1 = 4.2200000000
dvdt[39] = 1.3850434836

t2 = 16.9000000000
dvdt[49] = 0.9473356116
delta_x = 0.1999999301
delta_t = 12.6800000000

!!!!!!!! Propagation velocity = 15.772865 cm/s !!!!!!!!!!

=============================================================



[!] Propagation velocity! Id = 73
t1 = 4.2200000000
dvdt[63] = 1.3850434836

t2 = 16.9000000000
dvdt[73] = 0.9473356116
delta_x = 0.1999999301
delta_t = 12.6800000000

!!!!!!!! Propagation velocity = 15.772865 cm/s !!!!!!!!!!

=============================================================

