

[!] Propagation velocity! Id = 12
t1 = 1.2200000000
dvdt[2] = 1.7105815445

t2 = 1.8000000000
dvdt[12] = 1.4615310817
delta_x = 0.2000000000
delta_t = 0.5800000000

!!!!!!!! Propagation velocity = 344.827586 cm/s !!!!!!!!!!

=============================================================



[!] Propagation velocity! Id = 25
t1 = 2.0300000000
dvdt[15] = 1.4369732405

t2 = 3.1900000000
dvdt[25] = 1.0343593772
delta_x = 0.2000000000
delta_t = 1.1600000000

!!!!!!!! Propagation velocity = 172.413793 cm/s !!!!!!!!!!

=============================================================



[!] Propagation velocity! Id = 37
t1 = 3.3200000000
dvdt[27] = 1.2880271917

t2 = 4.0300000000
dvdt[37] = 1.4275715781
delta_x = 0.1999999301
delta_t = 0.7100000000

!!!!!!!! Propagation velocity = 281.690042 cm/s !!!!!!!!!!

=============================================================



[!] Propagation velocity! Id = 62
t1 = 3.3800000000
dvdt[52] = 1.3583572120

t2 = 4.1100000000
dvdt[62] = 1.4164689839
delta_x = 0.1999999301
delta_t = 0.7300000000

!!!!!!!! Propagation velocity = 273.972507 cm/s !!!!!!!!!!

=============================================================



[!] Propagation velocity! Id = 49
t1 = 4.1900000000
dvdt[39] = 1.4000845197

t2 = 6.0300000000
dvdt[49] = 1.8584288352
delta_x = 0.1999999301
delta_t = 1.8400000000

!!!!!!!! Propagation velocity = 108.695614 cm/s !!!!!!!!!!

=============================================================



[!] Propagation velocity! Id = 73
t1 = 4.1900000000
dvdt[63] = 1.4000845197

t2 = 6.0300000000
dvdt[73] = 1.8584288352
delta_x = 0.1999999301
delta_t = 1.8400000000

!!!!!!!! Propagation velocity = 108.695614 cm/s !!!!!!!!!!

=============================================================

