

[!] Propagation velocity! Id = 250
t1 = 10.3600000000
dvdt[240] = 3.4813768131

t2 = 10.7400000000
dvdt[250] = 3.4768002798
delta_x = 0.1000000000
delta_t = 0.3800000000

!!!!!!!! Propagation velocity = 263.157895 cm/s !!!!!!!!!!

=============================================================



[!] Propagation velocity! Id = 500
t1 = 19.6700000000
dvdt[490] = 3.4809308287

t2 = 20.0500000000
dvdt[500] = 3.4786549858
delta_x = 0.1000000000
delta_t = 0.3800000000

!!!!!!!! Propagation velocity = 263.157895 cm/s !!!!!!!!!!

=============================================================



[!] Propagation velocity! Id = 750
t1 = 28.9800000000
dvdt[740] = 3.4829194826

t2 = 29.3500000000
dvdt[750] = 3.4780390238
delta_x = 0.1000000000
delta_t = 0.3700000000

!!!!!!!! Propagation velocity = 270.270270 cm/s !!!!!!!!!!

=============================================================



[!] Propagation velocity! Id = 1000
t1 = 38.3000000000
dvdt[990] = 3.3320590088

t2 = 42.6600000000
dvdt[1000] = 4.2051169406
delta_x = 0.1000000000
delta_t = 4.3600000000

!!!!!!!! Propagation velocity = 22.935780 cm/s !!!!!!!!!!

=============================================================

