

[!] Propagation velocity! Id = 250
t1 = 10.9400000000
dvdt[240] = 1.4455217647

t2 = 11.3200000000
dvdt[250] = 1.4456853278
delta_x = 0.1000000000
delta_t = 0.3800000000

!!!!!!!! Propagation velocity = 263.157895 cm/s !!!!!!!!!!

=============================================================



[!] Propagation velocity! Id = 500
t1 = 20.4900000000
dvdt[490] = 1.2952060272

t2 = 21.2500000000
dvdt[500] = 1.0529255158
delta_x = 0.1000000000
delta_t = 0.7600000000

!!!!!!!! Propagation velocity = 131.578947 cm/s !!!!!!!!!!

=============================================================



[!] Propagation velocity! Id = 750
t1 = 30.3100000000
dvdt[740] = 1.4471243664

t2 = 30.6900000000
dvdt[750] = 1.4473735032
delta_x = 0.1000003981
delta_t = 0.3800000000

!!!!!!!! Propagation velocity = 263.158942 cm/s !!!!!!!!!!

=============================================================



[!] Propagation velocity! Id = 1250
t1 = 30.3100000000
dvdt[1240] = 1.4471243664

t2 = 30.6900000000
dvdt[1250] = 1.4473735032
delta_x = 0.1000003981
delta_t = 0.3800000000

!!!!!!!! Propagation velocity = 263.158942 cm/s !!!!!!!!!!

=============================================================



[!] Propagation velocity! Id = 1000
t1 = 39.9600000000
dvdt[990] = 0.9929120392

t2 = 54.6000000000
dvdt[1000] = 0.8424316767
delta_x = 0.1000003981
delta_t = 14.6400000000

!!!!!!!! Propagation velocity = 6.830628 cm/s !!!!!!!!!!

=============================================================



[!] Propagation velocity! Id = 1500
t1 = 39.9600000000
dvdt[1490] = 0.9929120392

t2 = 54.6000000000
dvdt[1500] = 0.8424316767
delta_x = 0.1000003981
delta_t = 14.6400000000

!!!!!!!! Propagation velocity = 6.830628 cm/s !!!!!!!!!!

=============================================================

