

[!] Propagation velocity! Id = 59
t1 = 3.7200000000
dvdt[54] = 3.5019916198

t2 = 3.9700000000
dvdt[59] = 3.5005555168
delta_x = 0.0820000000
delta_t = 0.2500000000

!!!!!!!! Propagation velocity = 328.000000 cm/s !!!!!!!!!!

=============================================================



[!] Propagation velocity! Id = 119
t1 = 6.7600000000
dvdt[114] = 3.4957324528

t2 = 7.0200000000
dvdt[119] = 3.4952336455
delta_x = 0.0820000000
delta_t = 0.2600000000

!!!!!!!! Propagation velocity = 315.384615 cm/s !!!!!!!!!!

=============================================================



[!] Propagation velocity! Id = 178
t1 = 9.7600000000
dvdt[173] = 3.4974928936

t2 = 10.0100000000
dvdt[178] = 3.4894190682
delta_x = 0.0820000000
delta_t = 0.2500000000

!!!!!!!! Propagation velocity = 328.000000 cm/s !!!!!!!!!!

=============================================================



[!] Propagation velocity! Id = 242
t1 = 13.0300000000
dvdt[237] = 3.0767617342

t2 = 13.8700000000
dvdt[242] = 4.8889397672
delta_x = 0.0820000000
delta_t = 0.8400000000

!!!!!!!! Propagation velocity = 97.619048 cm/s !!!!!!!!!!

=============================================================

