

[!] Propagation velocity! Id = 12
t1 = 1.1700000000
dvdt[2] = 3.8899120035

t2 = 1.5800000000
dvdt[12] = 3.6636729425
delta_x = 0.2000000000
delta_t = 0.4100000000

!!!!!!!! Propagation velocity = 487.804878 cm/s !!!!!!!!!!

=============================================================



[!] Propagation velocity! Id = 25
t1 = 1.7300000000
dvdt[15] = 3.6129242121

t2 = 2.2500000000
dvdt[25] = 3.5547034246
delta_x = 0.2000000000
delta_t = 0.5200000000

!!!!!!!! Propagation velocity = 384.615385 cm/s !!!!!!!!!!

=============================================================



[!] Propagation velocity! Id = 37
t1 = 2.3500000000
dvdt[27] = 3.5477372062

t2 = 2.8700000000
dvdt[37] = 3.5248950334
delta_x = 0.2000000000
delta_t = 0.5200000000

!!!!!!!! Propagation velocity = 384.615385 cm/s !!!!!!!!!!

=============================================================



[!] Propagation velocity! Id = 50
t1 = 3.0300000000
dvdt[40] = 3.5024804196

t2 = 60.3200000000
dvdt[50] = 2.3978882413
delta_x = 0.2000000000
delta_t = 57.2900000000

!!!!!!!! Propagation velocity = 3.491011 cm/s !!!!!!!!!!

=============================================================

