

[!] Propagation velocity! Id = 250
t1 = 10.9300000000
dvdt[240] = 1.4452517843

t2 = 11.3100000000
dvdt[250] = 1.4450852615
delta_x = 0.1000000000
delta_t = 0.3800000000

!!!!!!!! Propagation velocity = 263.157895 cm/s !!!!!!!!!!

=============================================================



[!] Propagation velocity! Id = 500
t1 = 20.4800000000
dvdt[490] = 1.2920929409

t2 = 21.2300000000
dvdt[500] = 1.0502152416
delta_x = 0.1000000000
delta_t = 0.7500000000

!!!!!!!! Propagation velocity = 133.333333 cm/s !!!!!!!!!!

=============================================================



[!] Propagation velocity! Id = 750
t1 = 30.2400000000
dvdt[740] = 1.4333830562

t2 = 30.6100000000
dvdt[750] = 1.4325995769
delta_x = 0.1000003981
delta_t = 0.3700000000

!!!!!!!! Propagation velocity = 270.271346 cm/s !!!!!!!!!!

=============================================================



[!] Propagation velocity! Id = 1250
t1 = 30.2400000000
dvdt[1240] = 1.4333830562

t2 = 30.6100000000
dvdt[1250] = 1.4325995769
delta_x = 0.1000003981
delta_t = 0.3700000000

!!!!!!!! Propagation velocity = 270.271346 cm/s !!!!!!!!!!

=============================================================



[!] Propagation velocity! Id = 1000
t1 = 39.7600000000
dvdt[990] = 0.9710926800

t2 = 40.2400000000
dvdt[1000] = 0.0140589366
delta_x = 0.1000003981
delta_t = 0.4800000000

!!!!!!!! Propagation velocity = 208.334163 cm/s !!!!!!!!!!

=============================================================



[!] Propagation velocity! Id = 1500
t1 = 39.7600000000
dvdt[1490] = 0.9710926800

t2 = 40.2400000000
dvdt[1500] = 0.0140589366
delta_x = 0.1000003981
delta_t = 0.4800000000

!!!!!!!! Propagation velocity = 208.334163 cm/s !!!!!!!!!!

=============================================================

