

[!] Propagation velocity! Id = 100
t1 = 5.2200000000
dvdt[90] = 1.4458066247

t2 = 5.6000000000
dvdt[100] = 1.4460647945
delta_x = 0.1000000000
delta_t = 0.3800000000

!!!!!!!! Propagation velocity = 263.157895 cm/s !!!!!!!!!!

=============================================================



[!] Propagation velocity! Id = 200
t1 = 9.0600000000
dvdt[190] = 1.2965297738

t2 = 9.8200000000
dvdt[200] = 1.0540645178
delta_x = 0.1000000000
delta_t = 0.7600000000

!!!!!!!! Propagation velocity = 131.578947 cm/s !!!!!!!!!!

=============================================================



[!] Propagation velocity! Id = 300
t1 = 13.1600000000
dvdt[290] = 1.4509212705

t2 = 13.5500000000
dvdt[300] = 1.4515075763
delta_x = 0.0999995320
delta_t = 0.3900000000

!!!!!!!! Propagation velocity = 256.409057 cm/s !!!!!!!!!!

=============================================================



[!] Propagation velocity! Id = 500
t1 = 13.1600000000
dvdt[490] = 1.4509212705

t2 = 13.5500000000
dvdt[500] = 1.4515075763
delta_x = 0.0999995320
delta_t = 0.3900000000

!!!!!!!! Propagation velocity = 256.409057 cm/s !!!!!!!!!!

=============================================================



[!] Propagation velocity! Id = 400
t1 = 17.0700000000
dvdt[390] = 0.9929126087

t2 = 31.3800000000
dvdt[400] = 0.8597218290
delta_x = 0.1000003981
delta_t = 14.3100000000

!!!!!!!! Propagation velocity = 6.988148 cm/s !!!!!!!!!!

=============================================================



[!] Propagation velocity! Id = 600
t1 = 17.0700000000
dvdt[590] = 0.9929126087

t2 = 31.3800000000
dvdt[600] = 0.8597218290
delta_x = 0.1000003981
delta_t = 14.3100000000

!!!!!!!! Propagation velocity = 6.988148 cm/s !!!!!!!!!!

=============================================================

