

[!] Propagation velocity! Id = 25
t1 = 2.0200000000
dvdt[15] = 1.4577636090

t2 = 2.7800000000
dvdt[25] = 1.4539268702
delta_x = 0.2000000000
delta_t = 0.7600000000

!!!!!!!! Propagation velocity = 263.157895 cm/s !!!!!!!!!!

=============================================================



[!] Propagation velocity! Id = 50
t1 = 3.9400000000
dvdt[40] = 1.4307349013

t2 = 5.1000000000
dvdt[50] = 1.0333745210
delta_x = 0.2000000000
delta_t = 1.1600000000

!!!!!!!! Propagation velocity = 172.413793 cm/s !!!!!!!!!!

=============================================================



[!] Propagation velocity! Id = 75
t1 = 6.1600000000
dvdt[65] = 1.4565168786

t2 = 6.9300000000
dvdt[75] = 1.4591256598
delta_x = 0.1999999301
delta_t = 0.7700000000

!!!!!!!! Propagation velocity = 259.740169 cm/s !!!!!!!!!!

=============================================================



[!] Propagation velocity! Id = 125
t1 = 6.2300000000
dvdt[115] = 1.4569582417

t2 = 7.0000000000
dvdt[125] = 1.4592056155
delta_x = 0.1999999301
delta_t = 0.7700000000

!!!!!!!! Propagation velocity = 259.740169 cm/s !!!!!!!!!!

=============================================================



[!] Propagation velocity! Id = 99
t1 = 8.0200000000
dvdt[89] = 1.3888399662

t2 = 20.4400000000
dvdt[99] = 0.9754910696
delta_x = 0.1999999301
delta_t = 12.4200000000

!!!!!!!! Propagation velocity = 16.103054 cm/s !!!!!!!!!!

=============================================================



[!] Propagation velocity! Id = 148
t1 = 8.0200000000
dvdt[138] = 1.3888399662

t2 = 20.4400000000
dvdt[148] = 0.9754910696
delta_x = 0.1999999301
delta_t = 12.4200000000

!!!!!!!! Propagation velocity = 16.103054 cm/s !!!!!!!!!!

=============================================================

