

[!] Propagation velocity! Id = 50
t1 = 2.9200000000
dvdt[40] = 3.5069454248

t2 = 3.2900000000
dvdt[50] = 3.4977823818
delta_x = 0.1000000000
delta_t = 0.3700000000

!!!!!!!! Propagation velocity = 270.270270 cm/s !!!!!!!!!!

=============================================================



[!] Propagation velocity! Id = 100
t1 = 4.7800000000
dvdt[90] = 3.4802836712

t2 = 5.1500000000
dvdt[100] = 3.4840558963
delta_x = 0.1000000000
delta_t = 0.3700000000

!!!!!!!! Propagation velocity = 270.270270 cm/s !!!!!!!!!!

=============================================================



[!] Propagation velocity! Id = 150
t1 = 6.6400000000
dvdt[140] = 3.4794090951

t2 = 7.0100000000
dvdt[150] = 3.4837495390
delta_x = 0.1000000000
delta_t = 0.3700000000

!!!!!!!! Propagation velocity = 270.270270 cm/s !!!!!!!!!!

=============================================================



[!] Propagation velocity! Id = 200
t1 = 8.5000000000
dvdt[190] = 3.3255314670

t2 = 16.9500000000
dvdt[200] = 3.6321654626
delta_x = 0.1000000000
delta_t = 8.4500000000

!!!!!!!! Propagation velocity = 11.834320 cm/s !!!!!!!!!!

=============================================================

