

[!] Propagation velocity! Id = 59
t1 = 3.9000000000
dvdt[54] = 3.5137981265

t2 = 4.1800000000
dvdt[59] = 3.5124044397
delta_x = 0.0820000000
delta_t = 0.2800000000

!!!!!!!! Propagation velocity = 292.857143 cm/s !!!!!!!!!!

=============================================================



[!] Propagation velocity! Id = 119
t1 = 7.2800000000
dvdt[114] = 3.5101311696

t2 = 7.5600000000
dvdt[119] = 3.5130126715
delta_x = 0.0820000000
delta_t = 0.2800000000

!!!!!!!! Propagation velocity = 292.857143 cm/s !!!!!!!!!!

=============================================================



[!] Propagation velocity! Id = 178
t1 = 10.5900000000
dvdt[173] = 3.5144594749

t2 = 10.8700000000
dvdt[178] = 3.5127883208
delta_x = 0.0820000000
delta_t = 0.2800000000

!!!!!!!! Propagation velocity = 292.857143 cm/s !!!!!!!!!!

=============================================================



[!] Propagation velocity! Id = 242
t1 = 14.2000000000
dvdt[237] = 3.1086407913

t2 = 14.5500000000
dvdt[242] = 0.0970730686
delta_x = 0.0820000000
delta_t = 0.3500000000

!!!!!!!! Propagation velocity = 234.285714 cm/s !!!!!!!!!!

=============================================================

