

[!] Propagation velocity! Id = 30
t1 = 2.6700000000
dvdt[25] = 1.4511410763

t2 = 3.0000000000
dvdt[30] = 1.4533664692
delta_x = 0.0820000000
delta_t = 0.3300000000

!!!!!!!! Propagation velocity = 248.484848 cm/s !!!!!!!!!!

=============================================================



[!] Propagation velocity! Id = 60
t1 = 4.7600000000
dvdt[55] = 1.4531509909

t2 = 5.1300000000
dvdt[60] = 1.4538649309
delta_x = 0.0819999280
delta_t = 0.3700000000

!!!!!!!! Propagation velocity = 221.621427 cm/s !!!!!!!!!!

=============================================================



[!] Propagation velocity! Id = 180
t1 = 4.7600000000
dvdt[175] = 1.4531509909

t2 = 5.1300000000
dvdt[180] = 1.4538649309
delta_x = 0.0819999280
delta_t = 0.3700000000

!!!!!!!! Propagation velocity = 221.621427 cm/s !!!!!!!!!!

=============================================================



[!] Propagation velocity! Id = 100
t1 = 7.8400000000
dvdt[95] = 1.4602510526

t2 = 8.2800000000
dvdt[100] = 1.4610041167
delta_x = 0.0820000000
delta_t = 0.4400000000

!!!!!!!! Propagation velocity = 186.363636 cm/s !!!!!!!!!!

=============================================================



[!] Propagation velocity! Id = 140
t1 = 7.8400000000
dvdt[135] = 1.4602510526

t2 = 8.2800000000
dvdt[140] = 1.4610041167
delta_x = 0.0819999280
delta_t = 0.4400000000

!!!!!!!! Propagation velocity = 186.363473 cm/s !!!!!!!!!!

=============================================================



[!] Propagation velocity! Id = 220
t1 = 7.8400000000
dvdt[215] = 1.4602510526

t2 = 8.2800000000
dvdt[220] = 1.4610041167
delta_x = 0.0819999280
delta_t = 0.4400000000

!!!!!!!! Propagation velocity = 186.363473 cm/s !!!!!!!!!!

=============================================================



[!] Propagation velocity! Id = 260
t1 = 7.8400000000
dvdt[255] = 1.4602510526

t2 = 8.2800000000
dvdt[260] = 1.4610041167
delta_x = 0.0820000000
delta_t = 0.4400000000

!!!!!!!! Propagation velocity = 186.363636 cm/s !!!!!!!!!!

=============================================================



[!] Propagation velocity! Id = 120
t1 = 9.6500000000
dvdt[115] = 1.0800996728

t2 = 10.5100000000
dvdt[120] = 0.0299632271
delta_x = 0.0820000000
delta_t = 0.8600000000

!!!!!!!! Propagation velocity = 95.348837 cm/s !!!!!!!!!!

=============================================================



[!] Propagation velocity! Id = 160
t1 = 9.6500000000
dvdt[155] = 1.0800996728

t2 = 10.5100000000
dvdt[160] = 0.0299632271
delta_x = 0.0819999280
delta_t = 0.8600000000

!!!!!!!! Propagation velocity = 95.348754 cm/s !!!!!!!!!!

=============================================================



[!] Propagation velocity! Id = 240
t1 = 9.6500000000
dvdt[235] = 1.0800996728

t2 = 10.5100000000
dvdt[240] = 0.0299632271
delta_x = 0.0819999280
delta_t = 0.8600000000

!!!!!!!! Propagation velocity = 95.348754 cm/s !!!!!!!!!!

=============================================================



[!] Propagation velocity! Id = 280
t1 = 9.6500000000
dvdt[275] = 1.0800996728

t2 = 10.5100000000
dvdt[280] = 0.0299632271
delta_x = 0.0820000000
delta_t = 0.8600000000

!!!!!!!! Propagation velocity = 95.348837 cm/s !!!!!!!!!!

=============================================================

