

[!] Propagation velocity! Id = 25
t1 = 2.3900000000
dvdt[15] = 1.3609809939

t2 = 2.7200000000
dvdt[25] = 1.4081987142
delta_x = 0.1000000000
delta_t = 0.3300000000

!!!!!!!! Propagation velocity = 303.030303 cm/s !!!!!!!!!!

=============================================================



[!] Propagation velocity! Id = 50
t1 = 3.2700000000
dvdt[40] = 1.4276926983

t2 = 3.6400000000
dvdt[50] = 1.4328879871
delta_x = 0.1000000000
delta_t = 0.3700000000

!!!!!!!! Propagation velocity = 270.270270 cm/s !!!!!!!!!!

=============================================================



[!] Propagation velocity! Id = 75
t1 = 4.2100000000
dvdt[65] = 1.4331642777

t2 = 4.6000000000
dvdt[75] = 1.4105133394
delta_x = 0.1000000000
delta_t = 0.3900000000

!!!!!!!! Propagation velocity = 256.410256 cm/s !!!!!!!!!!

=============================================================



[!] Propagation velocity! Id = 100
t1 = 5.2100000000
dvdt[90] = 0.9698864984

t2 = 5.6900000000
dvdt[100] = 0.0140523808
delta_x = 0.1000000000
delta_t = 0.4800000000

!!!!!!!! Propagation velocity = 208.333333 cm/s !!!!!!!!!!

=============================================================

