

[!] Propagation velocity! Id = 25
t1 = 2.7500000000
dvdt[15] = 3.7099942912

t2 = 2.9800000000
dvdt[25] = 3.6293874757
delta_x = 0.1000000000
delta_t = 0.2300000000

!!!!!!!! Propagation velocity = 434.782609 cm/s !!!!!!!!!!

=============================================================



[!] Propagation velocity! Id = 50
t1 = 3.3500000000
dvdt[40] = 3.4021880988

t2 = 3.7600000000
dvdt[50] = 2.0376991879
delta_x = 0.1000000000
delta_t = 0.4100000000

!!!!!!!! Propagation velocity = 243.902439 cm/s !!!!!!!!!!

=============================================================



[!] Propagation velocity! Id = 75
t1 = 4.1500000000
dvdt[65] = 3.5121351482

t2 = 4.4000000000
dvdt[75] = 3.5020197179
delta_x = 0.0999995320
delta_t = 0.2500000000

!!!!!!!! Propagation velocity = 399.998128 cm/s !!!!!!!!!!

=============================================================



[!] Propagation velocity! Id = 100
t1 = 4.8100000000
dvdt[90] = 2.8570581998

t2 = 3.8000000000
dvdt[100] = 2.3676827199
delta_x = 0.4099996402
delta_t = -1.0100000000

!!!!!!!! Propagation velocity = 0.000000 cm/s !!!!!!!!!!

=============================================================



[!] Propagation velocity! Id = 125
t1 = 4.1700000000
dvdt[115] = 3.5151485653

t2 = 4.4300000000
dvdt[125] = 3.5016414215
delta_x = 0.1000003981
delta_t = 0.2600000000

!!!!!!!! Propagation velocity = 384.616916 cm/s !!!!!!!!!!

=============================================================



[!] Propagation velocity! Id = 150
t1 = 4.8500000000
dvdt[140] = 2.6410024993

t2 = 5.1500000000
dvdt[150] = 0.0531109758
delta_x = 2.0799999720
delta_t = 0.3000000000

!!!!!!!! Propagation velocity = 6933.333240 cm/s !!!!!!!!!!

=============================================================

