

[!] Propagation velocity! Id = 50
t1 = 3.1800000000
dvdt[40] = 1.4054564611

t2 = 3.5500000000
dvdt[50] = 1.4104086819
delta_x = 0.1000000000
delta_t = 0.3700000000

!!!!!!!! Propagation velocity = 270.270270 cm/s !!!!!!!!!!

=============================================================



[!] Propagation velocity! Id = 100
t1 = 5.0700000000
dvdt[90] = 1.2722805389

t2 = 5.8300000000
dvdt[100] = 1.0376166748
delta_x = 0.1000000000
delta_t = 0.7600000000

!!!!!!!! Propagation velocity = 131.578947 cm/s !!!!!!!!!!

=============================================================



[!] Propagation velocity! Id = 150
t1 = 7.2400000000
dvdt[140] = 1.4307920306

t2 = 7.6200000000
dvdt[150] = 1.4334175082
delta_x = 0.1000003981
delta_t = 0.3800000000

!!!!!!!! Propagation velocity = 263.158942 cm/s !!!!!!!!!!

=============================================================



[!] Propagation velocity! Id = 250
t1 = 7.2800000000
dvdt[240] = 1.4312978633

t2 = 7.6600000000
dvdt[250] = 1.4338494395
delta_x = 0.1000003981
delta_t = 0.3800000000

!!!!!!!! Propagation velocity = 263.158942 cm/s !!!!!!!!!!

=============================================================



[!] Propagation velocity! Id = 199
t1 = 9.1600000000
dvdt[189] = 0.9703194043

t2 = 9.6400000000
dvdt[199] = 0.0140520485
delta_x = 0.0999995320
delta_t = 0.4800000000

!!!!!!!! Propagation velocity = 208.332358 cm/s !!!!!!!!!!

=============================================================



[!] Propagation velocity! Id = 298
t1 = 9.1600000000
dvdt[288] = 0.9703194043

t2 = 9.6400000000
dvdt[298] = 0.0140520485
delta_x = 0.0999995320
delta_t = 0.4800000000

!!!!!!!! Propagation velocity = 208.332358 cm/s !!!!!!!!!!

=============================================================

