

[!] Propagation velocity! Id = 50
t1 = 3.2400000000
dvdt[45] = 3.5015163007

t2 = 3.4800000000
dvdt[50] = 3.4950213112
delta_x = 0.0820000000
delta_t = 0.2400000000

!!!!!!!! Propagation velocity = 341.666667 cm/s !!!!!!!!!!

=============================================================



[!] Propagation velocity! Id = 90
t1 = 5.3400000000
dvdt[85] = 3.5048718540

t2 = 5.6200000000
dvdt[90] = 3.5057567033
delta_x = 0.0819999280
delta_t = 0.2800000000

!!!!!!!! Propagation velocity = 292.856886 cm/s !!!!!!!!!!

=============================================================



[!] Propagation velocity! Id = 150
t1 = 5.3400000000
dvdt[145] = 3.5048718540

t2 = 5.6200000000
dvdt[150] = 3.5057567033
delta_x = 0.0819999280
delta_t = 0.2800000000

!!!!!!!! Propagation velocity = 292.856886 cm/s !!!!!!!!!!

=============================================================



[!] Propagation velocity! Id = 120
t1 = 7.0200000000
dvdt[115] = 3.0902881729

t2 = 12.3900000000
dvdt[120] = 4.0356544535
delta_x = 0.0819999280
delta_t = 5.3700000000

!!!!!!!! Propagation velocity = 15.270005 cm/s !!!!!!!!!!

=============================================================



[!] Propagation velocity! Id = 180
t1 = 7.0200000000
dvdt[175] = 3.0902881729

t2 = 12.3900000000
dvdt[180] = 4.0356544535
delta_x = 0.0819999280
delta_t = 5.3700000000

!!!!!!!! Propagation velocity = 15.270005 cm/s !!!!!!!!!!

=============================================================

