

[!] Propagation velocity! Id = 50
t1 = 3.9600000000
dvdt[45] = 1.4350950965

t2 = 4.3000000000
dvdt[50] = 1.4191329782
delta_x = 0.0820000000
delta_t = 0.3400000000

!!!!!!!! Propagation velocity = 241.176471 cm/s !!!!!!!!!!

=============================================================



[!] Propagation velocity! Id = 90
t1 = 6.8300000000
dvdt[85] = 1.4380874039

t2 = 7.1800000000
dvdt[90] = 1.4392704967
delta_x = 0.0819999280
delta_t = 0.3500000000

!!!!!!!! Propagation velocity = 234.285509 cm/s !!!!!!!!!!

=============================================================



[!] Propagation velocity! Id = 150
t1 = 6.8300000000
dvdt[145] = 1.4380874039

t2 = 7.1800000000
dvdt[150] = 1.4392704967
delta_x = 0.0819999280
delta_t = 0.3500000000

!!!!!!!! Propagation velocity = 234.285509 cm/s !!!!!!!!!!

=============================================================



[!] Propagation velocity! Id = 120
t1 = 8.9900000000
dvdt[115] = 0.9338880373

t2 = 13.9300000000
dvdt[120] = 1.4687059033
delta_x = 0.0819999280
delta_t = 4.9400000000

!!!!!!!! Propagation velocity = 16.599176 cm/s !!!!!!!!!!

=============================================================



[!] Propagation velocity! Id = 180
t1 = 8.9900000000
dvdt[175] = 0.9338880373

t2 = 13.9300000000
dvdt[180] = 1.4687059033
delta_x = 0.0819999280
delta_t = 4.9400000000

!!!!!!!! Propagation velocity = 16.599176 cm/s !!!!!!!!!!

=============================================================

