

[!] Propagation velocity! Id = 25
t1 = 2.7800000000
dvdt[15] = 3.7136553265

t2 = 3.0100000000
dvdt[25] = 3.6485255708
delta_x = 0.1000000000
delta_t = 0.2300000000

!!!!!!!! Propagation velocity = 434.782609 cm/s !!!!!!!!!!

=============================================================



[!] Propagation velocity! Id = 50
t1 = 3.3700000000
dvdt[40] = 3.5736372177

t2 = 3.6200000000
dvdt[50] = 3.5450092641
delta_x = 0.1000000000
delta_t = 0.2500000000

!!!!!!!! Propagation velocity = 400.000000 cm/s !!!!!!!!!!

=============================================================



[!] Propagation velocity! Id = 75
t1 = 4.0100000000
dvdt[65] = 3.5206510991

t2 = 4.2700000000
dvdt[75] = 3.4985874002
delta_x = 0.1000000000
delta_t = 0.2600000000

!!!!!!!! Propagation velocity = 384.615385 cm/s !!!!!!!!!!

=============================================================



[!] Propagation velocity! Id = 100
t1 = 4.6700000000
dvdt[90] = 3.0054684372

t2 = 4.8800000000
dvdt[100] = 0.0324870102
delta_x = 0.1000000000
delta_t = 0.2100000000

!!!!!!!! Propagation velocity = 476.190476 cm/s !!!!!!!!!!

=============================================================

