

[!] Propagation velocity! Id = 59
t1 = 5.0800000000
dvdt[54] = 3.5516246732

t2 = 5.5000000000
dvdt[59] = 3.5500439007
delta_x = 0.0820000000
delta_t = 0.4200000000

!!!!!!!! Propagation velocity = 195.238095 cm/s !!!!!!!!!!

=============================================================



[!] Propagation velocity! Id = 119
t1 = 10.0800000000
dvdt[114] = 3.5484771103

t2 = 10.4900000000
dvdt[119] = 3.5553012835
delta_x = 0.0820000000
delta_t = 0.4100000000

!!!!!!!! Propagation velocity = 200.000000 cm/s !!!!!!!!!!

=============================================================



[!] Propagation velocity! Id = 178
t1 = 14.9800000000
dvdt[173] = 3.5647363355

t2 = 15.3900000000
dvdt[178] = 3.5565653946
delta_x = 0.0820000000
delta_t = 0.4100000000

!!!!!!!! Propagation velocity = 200.000000 cm/s !!!!!!!!!!

=============================================================



[!] Propagation velocity! Id = 242
t1 = 20.2700000000
dvdt[237] = 3.4728818581

t2 = 20.6800000000
dvdt[242] = 0.0207990816
delta_x = 0.0820000000
delta_t = 0.4100000000

!!!!!!!! Propagation velocity = 200.000000 cm/s !!!!!!!!!!

=============================================================

