

[!] Propagation velocity! Id = 29
t1 = 2.2500000000
dvdt[19] = 1.4474787800

t2 = 2.8800000000
dvdt[29] = 1.4498092774
delta_x = 0.1640000000
delta_t = 0.6300000000

!!!!!!!! Propagation velocity = 260.317460 cm/s !!!!!!!!!!

=============================================================



[!] Propagation velocity! Id = 59
t1 = 4.1300000000
dvdt[49] = 1.4516910577

t2 = 4.7600000000
dvdt[59] = 1.4526167855
delta_x = 0.1640000000
delta_t = 0.6300000000

!!!!!!!! Propagation velocity = 260.317460 cm/s !!!!!!!!!!

=============================================================



[!] Propagation velocity! Id = 88
t1 = 5.9600000000
dvdt[78] = 1.4549813379

t2 = 6.5900000000
dvdt[88] = 1.4565878447
delta_x = 0.1640000000
delta_t = 0.6300000000

!!!!!!!! Propagation velocity = 260.317460 cm/s !!!!!!!!!!

=============================================================



[!] Propagation velocity! Id = 118
t1 = 7.8700000000
dvdt[108] = 1.3827981855

t2 = 14.2500000000
dvdt[118] = 1.1236503268
delta_x = 0.1640000000
delta_t = 6.3800000000

!!!!!!!! Propagation velocity = 25.705329 cm/s !!!!!!!!!!

=============================================================

