

[!] Propagation velocity! Id = 59
t1 = 3.7500000000
dvdt[54] = 3.4984862333

t2 = 4.0100000000
dvdt[59] = 3.4991498560
delta_x = 0.0820000000
delta_t = 0.2600000000

!!!!!!!! Propagation velocity = 315.384615 cm/s !!!!!!!!!!

=============================================================



[!] Propagation velocity! Id = 119
t1 = 6.8700000000
dvdt[114] = 3.5015296522

t2 = 7.1300000000
dvdt[119] = 3.5014889259
delta_x = 0.0820000000
delta_t = 0.2600000000

!!!!!!!! Propagation velocity = 315.384615 cm/s !!!!!!!!!!

=============================================================



[!] Propagation velocity! Id = 178
t1 = 9.9400000000
dvdt[173] = 3.5013683020

t2 = 10.2000000000
dvdt[178] = 3.5011706576
delta_x = 0.0820000000
delta_t = 0.2600000000

!!!!!!!! Propagation velocity = 315.384615 cm/s !!!!!!!!!!

=============================================================



[!] Propagation velocity! Id = 242
t1 = 13.2900000000
dvdt[237] = 3.0034441739

t2 = 20.0100000000
dvdt[242] = 3.8377375904
delta_x = 0.0820000000
delta_t = 6.7200000000

!!!!!!!! Propagation velocity = 12.202381 cm/s !!!!!!!!!!

=============================================================

