

[!] Propagation velocity! Id = 25
t1 = 2.0100000000
dvdt[15] = 1.4568354173

t2 = 2.7800000000
dvdt[25] = 1.4527216888
delta_x = 0.2000000000
delta_t = 0.7700000000

!!!!!!!! Propagation velocity = 259.740260 cm/s !!!!!!!!!!

=============================================================



[!] Propagation velocity! Id = 50
t1 = 3.9300000000
dvdt[40] = 1.4536590843

t2 = 4.7000000000
dvdt[50] = 1.4544879376
delta_x = 0.2000000000
delta_t = 0.7700000000

!!!!!!!! Propagation velocity = 259.740260 cm/s !!!!!!!!!!

=============================================================



[!] Propagation velocity! Id = 75
t1 = 5.8500000000
dvdt[65] = 1.4570629098

t2 = 6.6200000000
dvdt[75] = 1.4586592929
delta_x = 0.2000000000
delta_t = 0.7700000000

!!!!!!!! Propagation velocity = 259.740260 cm/s !!!!!!!!!!

=============================================================



[!] Propagation velocity! Id = 100
t1 = 7.8000000000
dvdt[90] = 1.3876982580

t2 = 22.4300000000
dvdt[100] = 0.8658599276
delta_x = 0.2000000000
delta_t = 14.6300000000

!!!!!!!! Propagation velocity = 13.670540 cm/s !!!!!!!!!!

=============================================================

