

[!] Propagation velocity! Id = 59
t1 = 3.5300000000
dvdt[54] = 3.4944321114

t2 = 3.7500000000
dvdt[59] = 3.4933205243
delta_x = 0.0820000000
delta_t = 0.2200000000

!!!!!!!! Propagation velocity = 372.727273 cm/s !!!!!!!!!!

=============================================================



[!] Propagation velocity! Id = 119
t1 = 6.1500000000
dvdt[114] = 3.4826656724

t2 = 6.3600000000
dvdt[119] = 3.4836993514
delta_x = 0.0820000000
delta_t = 0.2100000000

!!!!!!!! Propagation velocity = 390.476190 cm/s !!!!!!!!!!

=============================================================



[!] Propagation velocity! Id = 232
t1 = 11.0800000000
dvdt[227] = 3.4947745013

t2 = 11.3000000000
dvdt[232] = 3.5498919245
delta_x = 0.0820000000
delta_t = 0.2200000000

!!!!!!!! Propagation velocity = 372.727273 cm/s !!!!!!!!!!

=============================================================



[!] Propagation velocity! Id = 242
t1 = 11.5000000000
dvdt[237] = 4.0683879422

t2 = 11.6000000000
dvdt[242] = 6.5637760885
delta_x = 0.0820000000
delta_t = 0.1000000000

!!!!!!!! Propagation velocity = 820.000000 cm/s !!!!!!!!!!

=============================================================

