

[!] Propagation velocity! Id = 36
t1 = 2.0100000000
dvdt[26] = 0.0949020248

t2 = 2.0500000000
dvdt[36] = 0.0753205517
delta_x = 0.0680000000
delta_t = 0.0400000000

!!!!!!!! Propagation velocity = 1700.000000 cm/s !!!!!!!!!!

=============================================================



[!] Propagation velocity! Id = 73
t1 = 2.2600000000
dvdt[63] = 0.0331064318

t2 = 2.4400000000
dvdt[73] = 0.0209923026
delta_x = 0.0680000000
delta_t = 0.1800000000

!!!!!!!! Propagation velocity = 377.777778 cm/s !!!!!!!!!!

=============================================================



[!] Propagation velocity! Id = 109
t1 = 2.9800000000
dvdt[99] = 0.0107664453

t2 = 3.2000000000
dvdt[109] = 0.0081571602
delta_x = 0.0680002360
delta_t = 0.2200000000

!!!!!!!! Propagation velocity = 309.091982 cm/s !!!!!!!!!!

=============================================================



[!] Propagation velocity! Id = 182
t1 = 2.9800000000
dvdt[172] = 0.0107664453

t2 = 3.2000000000
dvdt[182] = 0.0081571602
delta_x = 0.0680002360
delta_t = 0.2200000000

!!!!!!!! Propagation velocity = 309.091982 cm/s !!!!!!!!!!

=============================================================



[!] Propagation velocity! Id = 146
t1 = 3.6300000000
dvdt[136] = 0.0023599370

t2 = 6.0200000000
dvdt[146] = 0.0005644110
delta_x = 0.0680002360
delta_t = 2.3900000000

!!!!!!!! Propagation velocity = 28.451982 cm/s !!!!!!!!!!

=============================================================



[!] Propagation velocity! Id = 219
t1 = 3.6300000000
dvdt[209] = 0.0023599370

t2 = 6.0200000000
dvdt[219] = 0.0005644110
delta_x = 0.0680002360
delta_t = 2.3900000000

!!!!!!!! Propagation velocity = 28.451982 cm/s !!!!!!!!!!

=============================================================

