

[!] Propagation velocity! Id = 59
t1 = 4.1500000000
dvdt[54] = 1.4465262639

t2 = 4.4300000000
dvdt[59] = 1.4467307192
delta_x = 0.0820000000
delta_t = 0.2800000000

!!!!!!!! Propagation velocity = 292.857143 cm/s !!!!!!!!!!

=============================================================



[!] Propagation velocity! Id = 119
t1 = 7.4300000000
dvdt[114] = 1.4474710210

t2 = 7.7000000000
dvdt[119] = 1.4472441410
delta_x = 0.0820000000
delta_t = 0.2700000000

!!!!!!!! Propagation velocity = 303.703704 cm/s !!!!!!!!!!

=============================================================



[!] Propagation velocity! Id = 178
t1 = 10.6600000000
dvdt[173] = 1.4498616844

t2 = 10.9400000000
dvdt[178] = 1.4499728585
delta_x = 0.0820000000
delta_t = 0.2800000000

!!!!!!!! Propagation velocity = 292.857143 cm/s !!!!!!!!!!

=============================================================



[!] Propagation velocity! Id = 242
t1 = 14.2300000000
dvdt[237] = 0.8486834147

t2 = 15.8000000000
dvdt[242] = 1.9106450570
delta_x = 0.0820000000
delta_t = 1.5700000000

!!!!!!!! Propagation velocity = 52.229299 cm/s !!!!!!!!!!

=============================================================

