

[!] Propagation velocity! Id = 14
t1 = 1.4000000000
dvdt[4] = 1.5738458162

t2 = 1.9200000000
dvdt[14] = 1.4394333997
delta_x = 0.1640000000
delta_t = 0.5200000000

!!!!!!!! Propagation velocity = 315.384615 cm/s !!!!!!!!!!

=============================================================



[!] Propagation velocity! Id = 30
t1 = 2.3000000000
dvdt[20] = 1.3916979941

t2 = 3.3100000000
dvdt[30] = 1.0351585292
delta_x = 0.1640000000
delta_t = 1.0100000000

!!!!!!!! Propagation velocity = 162.376238 cm/s !!!!!!!!!!

=============================================================



[!] Propagation velocity! Id = 43
t1 = 3.4600000000
dvdt[33] = 1.3127948278

t2 = 4.0400000000
dvdt[43] = 1.4221633536
delta_x = 0.1640007221
delta_t = 0.5800000000

!!!!!!!! Propagation velocity = 282.759866 cm/s !!!!!!!!!!

=============================================================



[!] Propagation velocity! Id = 72
t1 = 3.4100000000
dvdt[62] = 1.2454295424

t2 = 3.9700000000
dvdt[72] = 1.4259500014
delta_x = 0.1639998561
delta_t = 0.5600000000

!!!!!!!! Propagation velocity = 292.856886 cm/s !!!!!!!!!!

=============================================================



[!] Propagation velocity! Id = 60
t1 = 4.4900000000
dvdt[50] = 1.2973107443

t2 = 5.2400000000
dvdt[60] = 0.0229632943
delta_x = 0.1639998561
delta_t = 0.7500000000

!!!!!!!! Propagation velocity = 218.666475 cm/s !!!!!!!!!!

=============================================================



[!] Propagation velocity! Id = 90
t1 = 4.4900000000
dvdt[80] = 1.2973107443

t2 = 5.2400000000
dvdt[90] = 0.0229632943
delta_x = 0.1639998561
delta_t = 0.7500000000

!!!!!!!! Propagation velocity = 218.666475 cm/s !!!!!!!!!!

=============================================================

