

[!] Propagation velocity! Id = 59
t1 = 3.7500000000
dvdt[54] = 3.5065311487

t2 = 4.0100000000
dvdt[59] = 3.5059941936
delta_x = 0.0820000000
delta_t = 0.2600000000

!!!!!!!! Propagation velocity = 315.384615 cm/s !!!!!!!!!!

=============================================================



[!] Propagation velocity! Id = 119
t1 = 6.8700000000
dvdt[114] = 3.4965933626

t2 = 7.1300000000
dvdt[119] = 3.4955456469
delta_x = 0.0820000000
delta_t = 0.2600000000

!!!!!!!! Propagation velocity = 315.384615 cm/s !!!!!!!!!!

=============================================================



[!] Propagation velocity! Id = 178
t1 = 9.9300000000
dvdt[173] = 3.5032242952

t2 = 10.1900000000
dvdt[178] = 3.5032788070
delta_x = 0.0820000000
delta_t = 0.2600000000

!!!!!!!! Propagation velocity = 315.384615 cm/s !!!!!!!!!!

=============================================================



[!] Propagation velocity! Id = 242
t1 = 13.2700000000
dvdt[237] = 2.9904735306

t2 = 29.1600000000
dvdt[242] = 2.8453829321
delta_x = 0.0820000000
delta_t = 15.8900000000

!!!!!!!! Propagation velocity = 5.160478 cm/s !!!!!!!!!!

=============================================================

