

[!] Propagation velocity! Id = 59
t1 = 4.7100000000
dvdt[54] = 1.4486827706

t2 = 5.0600000000
dvdt[59] = 1.4487153045
delta_x = 0.0820000000
delta_t = 0.3500000000

!!!!!!!! Propagation velocity = 234.285714 cm/s !!!!!!!!!!

=============================================================



[!] Propagation velocity! Id = 119
t1 = 8.9100000000
dvdt[114] = 1.4493897715

t2 = 9.2600000000
dvdt[119] = 1.4495086949
delta_x = 0.0820000000
delta_t = 0.3500000000

!!!!!!!! Propagation velocity = 234.285714 cm/s !!!!!!!!!!

=============================================================



[!] Propagation velocity! Id = 178
t1 = 13.0500000000
dvdt[173] = 1.4528248365

t2 = 13.4000000000
dvdt[178] = 1.4532564266
delta_x = 0.0820000000
delta_t = 0.3500000000

!!!!!!!! Propagation velocity = 234.285714 cm/s !!!!!!!!!!

=============================================================



[!] Propagation velocity! Id = 242
t1 = 17.6300000000
dvdt[237] = 0.9092512573

t2 = 18.3600000000
dvdt[242] = 0.0347184956
delta_x = 0.0820000000
delta_t = 0.7300000000

!!!!!!!! Propagation velocity = 112.328767 cm/s !!!!!!!!!!

=============================================================

