

[!] Propagation velocity! Id = 25
t1 = 2.7500000000
dvdt[15] = 3.7078710516

t2 = 2.9700000000
dvdt[25] = 3.6214566475
delta_x = 0.1000000000
delta_t = 0.2200000000

!!!!!!!! Propagation velocity = 454.545455 cm/s !!!!!!!!!!

=============================================================



[!] Propagation velocity! Id = 50
t1 = 3.3500000000
dvdt[40] = 3.4045040824

t2 = 3.7600000000
dvdt[50] = 2.0389478843
delta_x = 0.1000000000
delta_t = 0.4100000000

!!!!!!!! Propagation velocity = 243.902439 cm/s !!!!!!!!!!

=============================================================



[!] Propagation velocity! Id = 75
t1 = 4.1400000000
dvdt[65] = 3.5115637723

t2 = 4.4000000000
dvdt[75] = 3.5058612194
delta_x = 0.0999995320
delta_t = 0.2600000000

!!!!!!!! Propagation velocity = 384.613585 cm/s !!!!!!!!!!

=============================================================



[!] Propagation velocity! Id = 100
t1 = 4.8100000000
dvdt[90] = 2.8369945013

t2 = 3.8000000000
dvdt[100] = 2.3673605141
delta_x = 0.4099996402
delta_t = -1.0100000000

!!!!!!!! Propagation velocity = 0.000000 cm/s !!!!!!!!!!

=============================================================



[!] Propagation velocity! Id = 125
t1 = 4.1700000000
dvdt[115] = 3.5171103871

t2 = 4.4300000000
dvdt[125] = 3.4941669813
delta_x = 0.1000003981
delta_t = 0.2600000000

!!!!!!!! Propagation velocity = 384.616916 cm/s !!!!!!!!!!

=============================================================



[!] Propagation velocity! Id = 150
t1 = 4.8400000000
dvdt[140] = 2.6138538368

t2 = 5.1400000000
dvdt[150] = 0.0143721817
delta_x = 2.0799999720
delta_t = 0.3000000000

!!!!!!!! Propagation velocity = 6933.333240 cm/s !!!!!!!!!!

=============================================================

