

[!] Propagation velocity! Id = 36
t1 = 2.0100000000
dvdt[26] = 0.0987499295

t2 = 2.0500000000
dvdt[36] = 0.0793553419
delta_x = 0.0680000000
delta_t = 0.0400000000

!!!!!!!! Propagation velocity = 1700.000000 cm/s !!!!!!!!!!

=============================================================



[!] Propagation velocity! Id = 73
t1 = 2.3000000000
dvdt[63] = 0.0413578100

t2 = 2.4600000000
dvdt[73] = 0.0321175868
delta_x = 0.0680000000
delta_t = 0.1600000000

!!!!!!!! Propagation velocity = 425.000000 cm/s !!!!!!!!!!

=============================================================



[!] Propagation velocity! Id = 109
t1 = 3.0400000000
dvdt[99] = 0.0166223086

t2 = 3.2800000000
dvdt[109] = 0.0126619614
delta_x = 0.0680000000
delta_t = 0.2400000000

!!!!!!!! Propagation velocity = 283.333333 cm/s !!!!!!!!!!

=============================================================



[!] Propagation velocity! Id = 146
t1 = 3.8300000000
dvdt[136] = 0.0039122041

t2 = 6.3800000000
dvdt[146] = 0.0015506447
delta_x = 0.0680000000
delta_t = 2.5500000000

!!!!!!!! Propagation velocity = 26.666667 cm/s !!!!!!!!!!

=============================================================

