

[!] Propagation velocity! Id = 14
t1 = 1.4600000000
dvdt[4] = 1.5934379800

t2 = 1.9800000000
dvdt[14] = 1.4566118646
delta_x = 0.1640000000
delta_t = 0.5200000000

!!!!!!!! Propagation velocity = 315.384615 cm/s !!!!!!!!!!

=============================================================



[!] Propagation velocity! Id = 30
t1 = 2.3600000000
dvdt[20] = 1.4085022413

t2 = 3.3900000000
dvdt[30] = 1.0449988499
delta_x = 0.1640000000
delta_t = 1.0300000000

!!!!!!!! Propagation velocity = 159.223301 cm/s !!!!!!!!!!

=============================================================



[!] Propagation velocity! Id = 43
t1 = 3.5400000000
dvdt[33] = 1.3312457528

t2 = 4.1300000000
dvdt[43] = 1.4383865006
delta_x = 0.1640007221
delta_t = 0.5900000000

!!!!!!!! Propagation velocity = 277.967326 cm/s !!!!!!!!!!

=============================================================



[!] Propagation velocity! Id = 72
t1 = 3.4900000000
dvdt[62] = 1.2623209264

t2 = 4.0600000000
dvdt[72] = 1.4424557582
delta_x = 0.1639998561
delta_t = 0.5700000000

!!!!!!!! Propagation velocity = 287.719046 cm/s !!!!!!!!!!

=============================================================



[!] Propagation velocity! Id = 60
t1 = 4.5900000000
dvdt[50] = 1.3172975244

t2 = 10.7800000000
dvdt[60] = 1.3918367692
delta_x = 0.1639998561
delta_t = 6.1900000000

!!!!!!!! Propagation velocity = 26.494322 cm/s !!!!!!!!!!

=============================================================



[!] Propagation velocity! Id = 90
t1 = 4.5900000000
dvdt[80] = 1.3172975244

t2 = 10.7800000000
dvdt[90] = 1.3918367692
delta_x = 0.1639998561
delta_t = 6.1900000000

!!!!!!!! Propagation velocity = 26.494322 cm/s !!!!!!!!!!

=============================================================

