

[!] Propagation velocity! Id = 250
t1 = 10.3600000000
dvdt[240] = 3.4814695168

t2 = 10.7400000000
dvdt[250] = 3.4767060781
delta_x = 0.1000000000
delta_t = 0.3800000000

!!!!!!!! Propagation velocity = 263.157895 cm/s !!!!!!!!!!

=============================================================



[!] Propagation velocity! Id = 500
t1 = 19.6700000000
dvdt[490] = 3.4830168277

t2 = 20.0400000000
dvdt[500] = 3.4783474281
delta_x = 0.1000000000
delta_t = 0.3700000000

!!!!!!!! Propagation velocity = 270.270270 cm/s !!!!!!!!!!

=============================================================



[!] Propagation velocity! Id = 750
t1 = 28.9600000000
dvdt[740] = 3.4907245841

t2 = 29.3200000000
dvdt[750] = 3.4949837250
delta_x = 0.1000000000
delta_t = 0.3600000000

!!!!!!!! Propagation velocity = 277.777778 cm/s !!!!!!!!!!

=============================================================



[!] Propagation velocity! Id = 1000
t1 = 37.9100000000
dvdt[990] = 3.3716806976

t2 = 38.3500000000
dvdt[1000] = 0.0546158789
delta_x = 0.1000000000
delta_t = 0.4400000000

!!!!!!!! Propagation velocity = 227.272727 cm/s !!!!!!!!!!

=============================================================

