

[!] Propagation velocity! Id = 73
t1 = 2.3100000000
dvdt[63] = 0.0419972621

t2 = 2.4800000000
dvdt[73] = 0.0326612437
delta_x = 0.0680000000
delta_t = 0.1700000000

!!!!!!!! Propagation velocity = 400.000000 cm/s !!!!!!!!!!

=============================================================



[!] Propagation velocity! Id = 147
t1 = 4.2800000000
dvdt[137] = 0.0061793844

t2 = 4.9000000000
dvdt[147] = 0.0043087860
delta_x = 0.0680000000
delta_t = 0.6200000000

!!!!!!!! Propagation velocity = 109.677419 cm/s !!!!!!!!!!

=============================================================



[!] Propagation velocity! Id = 220
t1 = 7.8200000000
dvdt[210] = 0.0015015206

t2 = 8.2500000000
dvdt[220] = 0.0012830731
delta_x = 0.0680002360
delta_t = 0.4300000000

!!!!!!!! Propagation velocity = 158.140084 cm/s !!!!!!!!!!

=============================================================



[!] Propagation velocity! Id = 367
t1 = 7.8200000000
dvdt[357] = 0.0015015206

t2 = 8.2500000000
dvdt[367] = 0.0012830731
delta_x = 0.0680002360
delta_t = 0.4300000000

!!!!!!!! Propagation velocity = 158.140084 cm/s !!!!!!!!!!

=============================================================



[!] Propagation velocity! Id = 294
t1 = 10.1100000000
dvdt[284] = 0.0002684084

t2 = 14.7600000000
dvdt[294] = 0.0001432524
delta_x = 0.0680002360
delta_t = 4.6500000000

!!!!!!!! Propagation velocity = 14.623707 cm/s !!!!!!!!!!

=============================================================



[!] Propagation velocity! Id = 441
t1 = 10.1100000000
dvdt[431] = 0.0002684084

t2 = 14.7600000000
dvdt[441] = 0.0001432524
delta_x = 0.0680002360
delta_t = 4.6500000000

!!!!!!!! Propagation velocity = 14.623707 cm/s !!!!!!!!!!

=============================================================

