

[!] Propagation velocity! Id = 59
t1 = 4.0700000000
dvdt[54] = 1.4462732967

t2 = 4.3300000000
dvdt[59] = 1.4463921275
delta_x = 0.0820000000
delta_t = 0.2600000000

!!!!!!!! Propagation velocity = 315.384615 cm/s !!!!!!!!!!

=============================================================



[!] Propagation velocity! Id = 119
t1 = 7.1800000000
dvdt[114] = 1.4469081464

t2 = 7.4400000000
dvdt[119] = 1.4468935389
delta_x = 0.0820000000
delta_t = 0.2600000000

!!!!!!!! Propagation velocity = 315.384615 cm/s !!!!!!!!!!

=============================================================



[!] Propagation velocity! Id = 178
t1 = 10.2400000000
dvdt[173] = 1.4483614200

t2 = 10.5000000000
dvdt[178] = 1.4485841683
delta_x = 0.0820000000
delta_t = 0.2600000000

!!!!!!!! Propagation velocity = 315.384615 cm/s !!!!!!!!!!

=============================================================



[!] Propagation velocity! Id = 242
t1 = 13.6500000000
dvdt[237] = 1.0244802439

t2 = 14.3600000000
dvdt[242] = 2.0470054728
delta_x = 0.0820000000
delta_t = 0.7100000000

!!!!!!!! Propagation velocity = 115.492958 cm/s !!!!!!!!!!

=============================================================

