

[!] Propagation velocity! Id = 147
t1 = 4.7000000000
dvdt[137] = 0.0084040353

t2 = 5.1800000000
dvdt[147] = 0.0070169280
delta_x = 0.0680000000
delta_t = 0.4800000000

!!!!!!!! Propagation velocity = 141.666667 cm/s !!!!!!!!!!

=============================================================



[!] Propagation velocity! Id = 294
t1 = 12.7100000000
dvdt[284] = 0.0008362492

t2 = 13.7400000000
dvdt[294] = 0.0006880796
delta_x = 0.0680000000
delta_t = 1.0300000000

!!!!!!!! Propagation velocity = 66.019417 cm/s !!!!!!!!!!

=============================================================



[!] Propagation velocity! Id = 441
t1 = 22.3800000000
dvdt[431] = 0.0002449269

t2 = 22.9700000000
dvdt[441] = 0.0002320101
delta_x = 0.0680002360
delta_t = 0.5900000000

!!!!!!!! Propagation velocity = 115.254637 cm/s !!!!!!!!!!

=============================================================



[!] Propagation velocity! Id = 735
t1 = 22.3800000000
dvdt[725] = 0.0002449269

t2 = 22.9700000000
dvdt[735] = 0.0002320101
delta_x = 0.0680002360
delta_t = 0.5900000000

!!!!!!!! Propagation velocity = 115.254637 cm/s !!!!!!!!!!

=============================================================



[!] Propagation velocity! Id = 588
t1 = 0.0100000000
dvdt[578] = 0.0001275498

t2 = 0.0100000000
dvdt[588] = 0.0001254549
delta_x = 0.0680002360
delta_t = 0.0000000000

!!!!!!!! Propagation velocity = inf cm/s !!!!!!!!!!

=============================================================



[!] Propagation velocity! Id = 882
t1 = 0.0100000000
dvdt[872] = 0.0001275498

t2 = 0.0100000000
dvdt[882] = 0.0001254549
delta_x = 0.0680002360
delta_t = 0.0000000000

!!!!!!!! Propagation velocity = inf cm/s !!!!!!!!!!

=============================================================

