

[!] Propagation velocity! Id = 59
t1 = 6.7900000000
dvdt[54] = 1.4510776132

t2 = 7.3700000000
dvdt[59] = 1.4508152415
delta_x = 0.0820000000
delta_t = 0.5800000000

!!!!!!!! Propagation velocity = 141.379310 cm/s !!!!!!!!!!

=============================================================



[!] Propagation velocity! Id = 119
t1 = 13.7400000000
dvdt[114] = 1.4464480017

t2 = 14.3200000000
dvdt[119] = 1.4456984201
delta_x = 0.0820000000
delta_t = 0.5800000000

!!!!!!!! Propagation velocity = 141.379310 cm/s !!!!!!!!!!

=============================================================



[!] Propagation velocity! Id = 178
t1 = 20.5500000000
dvdt[173] = 1.4364843833

t2 = 21.1200000000
dvdt[178] = 1.4358365352
delta_x = 0.0820000000
delta_t = 0.5700000000

!!!!!!!! Propagation velocity = 143.859649 cm/s !!!!!!!!!!

=============================================================



[!] Propagation velocity! Id = 242
t1 = 27.9800000000
dvdt[237] = 1.2615157903

t2 = 28.7800000000
dvdt[242] = 0.0028672661
delta_x = 0.0820000000
delta_t = 0.8000000000

!!!!!!!! Propagation velocity = 102.500000 cm/s !!!!!!!!!!

=============================================================

