

[!] Propagation velocity! Id = 50
t1 = 3.9900000000
dvdt[45] = 1.4475773447

t2 = 4.3200000000
dvdt[50] = 1.4491898730
delta_x = 0.0820000000
delta_t = 0.3300000000

!!!!!!!! Propagation velocity = 248.484848 cm/s !!!!!!!!!!

=============================================================



[!] Propagation velocity! Id = 90
t1 = 6.8200000000
dvdt[85] = 1.4474401467

t2 = 7.1900000000
dvdt[90] = 1.4472852401
delta_x = 0.0819999280
delta_t = 0.3700000000

!!!!!!!! Propagation velocity = 221.621427 cm/s !!!!!!!!!!

=============================================================



[!] Propagation velocity! Id = 150
t1 = 6.8200000000
dvdt[145] = 1.4474401467

t2 = 7.1900000000
dvdt[150] = 1.4472852401
delta_x = 0.0819999280
delta_t = 0.3700000000

!!!!!!!! Propagation velocity = 221.621427 cm/s !!!!!!!!!!

=============================================================



[!] Propagation velocity! Id = 120
t1 = 9.0000000000
dvdt[115] = 1.8311890031

t2 = 9.1300000000
dvdt[120] = 2.4547470857
delta_x = 0.0819999280
delta_t = 0.1300000000

!!!!!!!! Propagation velocity = 630.768677 cm/s !!!!!!!!!!

=============================================================



[!] Propagation velocity! Id = 180
t1 = 9.0000000000
dvdt[175] = 1.8311890031

t2 = 9.1300000000
dvdt[180] = 2.4547470857
delta_x = 0.0819999280
delta_t = 0.1300000000

!!!!!!!! Propagation velocity = 630.768677 cm/s !!!!!!!!!!

=============================================================

