

[!] Propagation velocity! Id = 50
t1 = 3.4400000000
dvdt[40] = 1.4478719343

t2 = 3.8200000000
dvdt[50] = 1.4525362528
delta_x = 0.1000000000
delta_t = 0.3800000000

!!!!!!!! Propagation velocity = 263.157895 cm/s !!!!!!!!!!

=============================================================



[!] Propagation velocity! Id = 100
t1 = 5.3800000000
dvdt[90] = 1.3048745570

t2 = 6.1500000000
dvdt[100] = 1.0609155513
delta_x = 0.1000000000
delta_t = 0.7700000000

!!!!!!!! Propagation velocity = 129.870130 cm/s !!!!!!!!!!

=============================================================



[!] Propagation velocity! Id = 150
t1 = 7.5900000000
dvdt[140] = 1.4610093447

t2 = 7.9800000000
dvdt[150] = 1.4619572979
delta_x = 0.1000003981
delta_t = 0.3900000000

!!!!!!!! Propagation velocity = 256.411277 cm/s !!!!!!!!!!

=============================================================



[!] Propagation velocity! Id = 250
t1 = 7.6300000000
dvdt[240] = 1.4612718940

t2 = 8.0200000000
dvdt[250] = 1.4620314855
delta_x = 0.1000003981
delta_t = 0.3900000000

!!!!!!!! Propagation velocity = 256.411277 cm/s !!!!!!!!!!

=============================================================



[!] Propagation velocity! Id = 199
t1 = 9.5500000000
dvdt[189] = 0.9804065492

t2 = 10.1900000000
dvdt[199] = 0.0244616269
delta_x = 0.0999995320
delta_t = 0.6400000000

!!!!!!!! Propagation velocity = 156.249269 cm/s !!!!!!!!!!

=============================================================



[!] Propagation velocity! Id = 298
t1 = 9.5500000000
dvdt[288] = 0.9804065492

t2 = 10.1900000000
dvdt[298] = 0.0244616269
delta_x = 0.0999995320
delta_t = 0.6400000000

!!!!!!!! Propagation velocity = 156.249269 cm/s !!!!!!!!!!

=============================================================

