

[!] Propagation velocity! Id = 59
t1 = 4.7100000000
dvdt[54] = 1.4484054884

t2 = 5.0600000000
dvdt[59] = 1.4484115216
delta_x = 0.0820000000
delta_t = 0.3500000000

!!!!!!!! Propagation velocity = 234.285714 cm/s !!!!!!!!!!

=============================================================



[!] Propagation velocity! Id = 119
t1 = 8.9100000000
dvdt[114] = 1.4486675599

t2 = 9.2600000000
dvdt[119] = 1.4487544578
delta_x = 0.0820000000
delta_t = 0.3500000000

!!!!!!!! Propagation velocity = 234.285714 cm/s !!!!!!!!!!

=============================================================



[!] Propagation velocity! Id = 178
t1 = 13.0400000000
dvdt[173] = 1.4513615683

t2 = 13.3900000000
dvdt[178] = 1.4517348289
delta_x = 0.0820000000
delta_t = 0.3500000000

!!!!!!!! Propagation velocity = 234.285714 cm/s !!!!!!!!!!

=============================================================



[!] Propagation velocity! Id = 242
t1 = 17.6100000000
dvdt[237] = 0.9193407377

t2 = 27.0600000000
dvdt[242] = 1.1310256927
delta_x = 0.0820000000
delta_t = 9.4500000000

!!!!!!!! Propagation velocity = 8.677249 cm/s !!!!!!!!!!

=============================================================

