

[!] Propagation velocity! Id = 50
t1 = 3.9200000000
dvdt[40] = 1.4518178511

t2 = 4.6900000000
dvdt[50] = 1.4519000933
delta_x = 0.2000000000
delta_t = 0.7700000000

!!!!!!!! Propagation velocity = 259.740260 cm/s !!!!!!!!!!

=============================================================



[!] Propagation velocity! Id = 100
t1 = 7.7500000000
dvdt[90] = 1.4531637026

t2 = 8.5200000000
dvdt[100] = 1.4539381792
delta_x = 0.2000000000
delta_t = 0.7700000000

!!!!!!!! Propagation velocity = 259.740260 cm/s !!!!!!!!!!

=============================================================



[!] Propagation velocity! Id = 150
t1 = 11.6000000000
dvdt[140] = 1.4577305696

t2 = 12.3700000000
dvdt[150] = 1.4590814934
delta_x = 0.2000000000
delta_t = 0.7700000000

!!!!!!!! Propagation velocity = 259.740260 cm/s !!!!!!!!!!

=============================================================



[!] Propagation velocity! Id = 200
t1 = 15.5000000000
dvdt[190] = 1.3895538479

t2 = 16.4000000000
dvdt[200] = 0.0281426702
delta_x = 0.2000000000
delta_t = 0.9000000000

!!!!!!!! Propagation velocity = 222.222222 cm/s !!!!!!!!!!

=============================================================

