

[!] Propagation velocity! Id = 12
t1 = 1.1900000000
dvdt[2] = 3.8616002501

t2 = 1.6000000000
dvdt[12] = 3.6425154045
delta_x = 0.2000000000
delta_t = 0.4100000000

!!!!!!!! Propagation velocity = 487.804878 cm/s !!!!!!!!!!

=============================================================



[!] Propagation velocity! Id = 25
t1 = 1.7500000000
dvdt[15] = 3.5878213745

t2 = 2.2700000000
dvdt[25] = 3.5261853251
delta_x = 0.2000000000
delta_t = 0.5200000000

!!!!!!!! Propagation velocity = 384.615385 cm/s !!!!!!!!!!

=============================================================



[!] Propagation velocity! Id = 37
t1 = 2.3800000000
dvdt[27] = 3.5168475927

t2 = 2.9000000000
dvdt[37] = 3.4982001011
delta_x = 0.2000000000
delta_t = 0.5200000000

!!!!!!!! Propagation velocity = 384.615385 cm/s !!!!!!!!!!

=============================================================



[!] Propagation velocity! Id = 50
t1 = 3.0600000000
dvdt[40] = 3.4762377677

t2 = 4.7000000000
dvdt[50] = 4.4895593519
delta_x = 0.2000000000
delta_t = 1.6400000000

!!!!!!!! Propagation velocity = 121.951220 cm/s !!!!!!!!!!

=============================================================

