

[!] Propagation velocity! Id = 59
t1 = 4.5900000000
dvdt[54] = 1.4481363759

t2 = 4.9300000000
dvdt[59] = 1.4484875847
delta_x = 0.0820000000
delta_t = 0.3400000000

!!!!!!!! Propagation velocity = 241.176471 cm/s !!!!!!!!!!

=============================================================



[!] Propagation velocity! Id = 119
t1 = 8.6100000000
dvdt[114] = 1.4487735864

t2 = 8.9500000000
dvdt[119] = 1.4490245037
delta_x = 0.0820000000
delta_t = 0.3400000000

!!!!!!!! Propagation velocity = 241.176471 cm/s !!!!!!!!!!

=============================================================



[!] Propagation velocity! Id = 178
t1 = 12.5700000000
dvdt[173] = 1.4519100550

t2 = 12.9100000000
dvdt[178] = 1.4526305826
delta_x = 0.0820000000
delta_t = 0.3400000000

!!!!!!!! Propagation velocity = 241.176471 cm/s !!!!!!!!!!

=============================================================



[!] Propagation velocity! Id = 242
t1 = 16.9500000000
dvdt[237] = 0.8777636092

t2 = 35.4700000000
dvdt[242] = 0.6787895181
delta_x = 0.0820000000
delta_t = 18.5200000000

!!!!!!!! Propagation velocity = 4.427646 cm/s !!!!!!!!!!

=============================================================

