

[!] Propagation velocity! Id = 59
t1 = 3.6800000000
dvdt[54] = 3.5017064802

t2 = 3.9300000000
dvdt[59] = 3.4970842968
delta_x = 0.0820000000
delta_t = 0.2500000000

!!!!!!!! Propagation velocity = 328.000000 cm/s !!!!!!!!!!

=============================================================



[!] Propagation velocity! Id = 119
t1 = 6.6500000000
dvdt[114] = 3.4974753383

t2 = 6.9000000000
dvdt[119] = 3.4980518084
delta_x = 0.0820000000
delta_t = 0.2500000000

!!!!!!!! Propagation velocity = 328.000000 cm/s !!!!!!!!!!

=============================================================



[!] Propagation velocity! Id = 178
t1 = 9.5800000000
dvdt[173] = 3.4945939532

t2 = 9.8300000000
dvdt[178] = 3.4892797512
delta_x = 0.0820000000
delta_t = 0.2500000000

!!!!!!!! Propagation velocity = 328.000000 cm/s !!!!!!!!!!

=============================================================



[!] Propagation velocity! Id = 242
t1 = 12.7700000000
dvdt[237] = 2.9472566144

t2 = 16.5000000000
dvdt[242] = 4.2725234891
delta_x = 0.0820000000
delta_t = 3.7300000000

!!!!!!!! Propagation velocity = 21.983914 cm/s !!!!!!!!!!

=============================================================

