

[!] Propagation velocity! Id = 100
t1 = 5.2200000000
dvdt[90] = 1.4457852912

t2 = 5.6000000000
dvdt[100] = 1.4460615540
delta_x = 0.1000000000
delta_t = 0.3800000000

!!!!!!!! Propagation velocity = 263.157895 cm/s !!!!!!!!!!

=============================================================



[!] Propagation velocity! Id = 200
t1 = 9.0600000000
dvdt[190] = 1.2964549928

t2 = 9.8200000000
dvdt[200] = 1.0539629959
delta_x = 0.1000000000
delta_t = 0.7600000000

!!!!!!!! Propagation velocity = 131.578947 cm/s !!!!!!!!!!

=============================================================



[!] Propagation velocity! Id = 300
t1 = 13.1600000000
dvdt[290] = 1.4508253487

t2 = 13.5400000000
dvdt[300] = 1.4511946986
delta_x = 0.0999995320
delta_t = 0.3800000000

!!!!!!!! Propagation velocity = 263.156663 cm/s !!!!!!!!!!

=============================================================



[!] Propagation velocity! Id = 500
t1 = 13.1600000000
dvdt[490] = 1.4508253487

t2 = 13.5400000000
dvdt[500] = 1.4511946986
delta_x = 0.0999995320
delta_t = 0.3800000000

!!!!!!!! Propagation velocity = 263.156663 cm/s !!!!!!!!!!

=============================================================



[!] Propagation velocity! Id = 400
t1 = 17.0700000000
dvdt[390] = 1.0013050331

t2 = 29.1200000000
dvdt[400] = 0.9718470171
delta_x = 0.1000003981
delta_t = 12.0500000000

!!!!!!!! Propagation velocity = 8.298788 cm/s !!!!!!!!!!

=============================================================



[!] Propagation velocity! Id = 600
t1 = 17.0700000000
dvdt[590] = 1.0013050331

t2 = 29.1200000000
dvdt[600] = 0.9718470171
delta_x = 0.1000003981
delta_t = 12.0500000000

!!!!!!!! Propagation velocity = 8.298788 cm/s !!!!!!!!!!

=============================================================

