

[!] Propagation velocity! Id = 30
t1 = 2.2600000000
dvdt[25] = 3.5266899295

t2 = 2.5100000000
dvdt[30] = 3.5145480371
delta_x = 0.0820000000
delta_t = 0.2500000000

!!!!!!!! Propagation velocity = 328.000000 cm/s !!!!!!!!!!

=============================================================



[!] Propagation velocity! Id = 60
t1 = 3.8100000000
dvdt[55] = 3.5056745272

t2 = 4.0900000000
dvdt[60] = 3.5012285022
delta_x = 0.0819999280
delta_t = 0.2800000000

!!!!!!!! Propagation velocity = 292.856886 cm/s !!!!!!!!!!

=============================================================



[!] Propagation velocity! Id = 180
t1 = 3.8100000000
dvdt[175] = 3.5056745272

t2 = 4.0900000000
dvdt[180] = 3.5012285022
delta_x = 0.0819999280
delta_t = 0.2800000000

!!!!!!!! Propagation velocity = 292.856886 cm/s !!!!!!!!!!

=============================================================



[!] Propagation velocity! Id = 100
t1 = 6.1100000000
dvdt[95] = 3.5068795053

t2 = 6.4200000000
dvdt[100] = 3.5104859801
delta_x = 0.0820000000
delta_t = 0.3100000000

!!!!!!!! Propagation velocity = 264.516129 cm/s !!!!!!!!!!

=============================================================



[!] Propagation velocity! Id = 140
t1 = 6.1100000000
dvdt[135] = 3.5068795053

t2 = 6.4200000000
dvdt[140] = 3.5104859801
delta_x = 0.0819999280
delta_t = 0.3100000000

!!!!!!!! Propagation velocity = 264.515897 cm/s !!!!!!!!!!

=============================================================



[!] Propagation velocity! Id = 220
t1 = 6.1100000000
dvdt[215] = 3.5068795053

t2 = 6.4200000000
dvdt[220] = 3.5104859801
delta_x = 0.0819999280
delta_t = 0.3100000000

!!!!!!!! Propagation velocity = 264.515897 cm/s !!!!!!!!!!

=============================================================



[!] Propagation velocity! Id = 260
t1 = 6.1100000000
dvdt[255] = 3.5068795053

t2 = 6.4200000000
dvdt[260] = 3.5104859801
delta_x = 0.0820000000
delta_t = 0.3100000000

!!!!!!!! Propagation velocity = 264.516129 cm/s !!!!!!!!!!

=============================================================



[!] Propagation velocity! Id = 120
t1 = 7.3400000000
dvdt[115] = 3.7360722146

t2 = 7.5400000000
dvdt[120] = 6.5163276918
delta_x = 0.0820000000
delta_t = 0.2000000000

!!!!!!!! Propagation velocity = 410.000000 cm/s !!!!!!!!!!

=============================================================



[!] Propagation velocity! Id = 160
t1 = 7.3400000000
dvdt[155] = 3.7360722146

t2 = 7.5400000000
dvdt[160] = 6.5163276918
delta_x = 0.0819999280
delta_t = 0.2000000000

!!!!!!!! Propagation velocity = 409.999640 cm/s !!!!!!!!!!

=============================================================



[!] Propagation velocity! Id = 240
t1 = 7.3400000000
dvdt[235] = 3.7360722146

t2 = 7.5400000000
dvdt[240] = 6.5163276918
delta_x = 0.0819999280
delta_t = 0.2000000000

!!!!!!!! Propagation velocity = 409.999640 cm/s !!!!!!!!!!

=============================================================



[!] Propagation velocity! Id = 280
t1 = 7.3400000000
dvdt[275] = 3.7360722146

t2 = 7.5400000000
dvdt[280] = 6.5163276918
delta_x = 0.0820000000
delta_t = 0.2000000000

!!!!!!!! Propagation velocity = 410.000000 cm/s !!!!!!!!!!

=============================================================

