

[!] Propagation velocity! Id = 200
t1 = 12.9400000000
dvdt[190] = 1.4473686390

t2 = 13.5700000000
dvdt[200] = 1.4471891303
delta_x = 0.1640000000
delta_t = 0.6300000000

!!!!!!!! Propagation velocity = 260.317460 cm/s !!!!!!!!!!

=============================================================



[!] Propagation velocity! Id = 304
t1 = 19.4600000000
dvdt[294] = 1.4011443296

t2 = 20.4700000000
dvdt[304] = 1.0376000841
delta_x = 0.1640000000
delta_t = 1.0100000000

!!!!!!!! Propagation velocity = 162.376238 cm/s !!!!!!!!!!

=============================================================



[!] Propagation velocity! Id = 450
t1 = 28.8900000000
dvdt[440] = 1.4486441563

t2 = 29.5100000000
dvdt[450] = 1.4487786687
delta_x = 0.1639998561
delta_t = 0.6200000000

!!!!!!!! Propagation velocity = 264.515897 cm/s !!!!!!!!!!

=============================================================



[!] Propagation velocity! Id = 758
t1 = 29.1400000000
dvdt[748] = 1.4487710248

t2 = 29.7600000000
dvdt[758] = 1.4487669377
delta_x = 0.1639998561
delta_t = 0.6200000000

!!!!!!!! Propagation velocity = 264.515897 cm/s !!!!!!!!!!

=============================================================



[!] Propagation velocity! Id = 608
t1 = 38.8700000000
dvdt[598] = 1.3175672229

t2 = 60.3300000000
dvdt[608] = 0.5769072159
delta_x = 0.1639998561
delta_t = 21.4600000000

!!!!!!!! Propagation velocity = 7.642118 cm/s !!!!!!!!!!

=============================================================



[!] Propagation velocity! Id = 912
t1 = 38.8700000000
dvdt[902] = 1.3175672229

t2 = 60.3300000000
dvdt[912] = 0.5769072159
delta_x = 0.1639998561
delta_t = 21.4600000000

!!!!!!!! Propagation velocity = 7.642118 cm/s !!!!!!!!!!

=============================================================

