

[!] Propagation velocity! Id = 36
t1 = 2.0100000000
dvdt[26] = 0.0949068464

t2 = 2.0500000000
dvdt[36] = 0.0753239329
delta_x = 0.0680000000
delta_t = 0.0400000000

!!!!!!!! Propagation velocity = 1700.000000 cm/s !!!!!!!!!!

=============================================================



[!] Propagation velocity! Id = 73
t1 = 2.2600000000
dvdt[63] = 0.0331077659

t2 = 2.4400000000
dvdt[73] = 0.0209933756
delta_x = 0.0680000000
delta_t = 0.1800000000

!!!!!!!! Propagation velocity = 377.777778 cm/s !!!!!!!!!!

=============================================================



[!] Propagation velocity! Id = 109
t1 = 2.9800000000
dvdt[99] = 0.0107691409

t2 = 3.2000000000
dvdt[109] = 0.0081617832
delta_x = 0.0680002360
delta_t = 0.2200000000

!!!!!!!! Propagation velocity = 309.091982 cm/s !!!!!!!!!!

=============================================================



[!] Propagation velocity! Id = 182
t1 = 2.9800000000
dvdt[172] = 0.0107691409

t2 = 3.2000000000
dvdt[182] = 0.0081617832
delta_x = 0.0680002360
delta_t = 0.2200000000

!!!!!!!! Propagation velocity = 309.091982 cm/s !!!!!!!!!!

=============================================================



[!] Propagation velocity! Id = 146
t1 = 3.6400000000
dvdt[136] = 0.0023730823

t2 = 5.9200000000
dvdt[146] = 0.0005673089
delta_x = 0.0680002360
delta_t = 2.2800000000

!!!!!!!! Propagation velocity = 29.824665 cm/s !!!!!!!!!!

=============================================================



[!] Propagation velocity! Id = 219
t1 = 3.6400000000
dvdt[209] = 0.0023730823

t2 = 5.9200000000
dvdt[219] = 0.0005673089
delta_x = 0.0680002360
delta_t = 2.2800000000

!!!!!!!! Propagation velocity = 29.824665 cm/s !!!!!!!!!!

=============================================================

