

[!] Propagation velocity! Id = 25
t1 = 2.5200000000
dvdt[15] = 1.3742007512

t2 = 2.8500000000
dvdt[25] = 1.4252240633
delta_x = 0.1000000000
delta_t = 0.3300000000

!!!!!!!! Propagation velocity = 303.030303 cm/s !!!!!!!!!!

=============================================================



[!] Propagation velocity! Id = 50
t1 = 3.4000000000
dvdt[40] = 1.4457012381

t2 = 3.7800000000
dvdt[50] = 1.4499345428
delta_x = 0.1000000000
delta_t = 0.3800000000

!!!!!!!! Propagation velocity = 263.157895 cm/s !!!!!!!!!!

=============================================================



[!] Propagation velocity! Id = 75
t1 = 4.3500000000
dvdt[65] = 1.4490855167

t2 = 4.7400000000
dvdt[75] = 1.4286520302
delta_x = 0.1000000000
delta_t = 0.3900000000

!!!!!!!! Propagation velocity = 256.410256 cm/s !!!!!!!!!!

=============================================================



[!] Propagation velocity! Id = 100
t1 = 5.3600000000
dvdt[90] = 1.0484999273

t2 = 7.7100000000
dvdt[100] = 1.7858803699
delta_x = 0.1000000000
delta_t = 2.3500000000

!!!!!!!! Propagation velocity = 42.553191 cm/s !!!!!!!!!!

=============================================================

