

[!] Propagation velocity! Id = 59
t1 = 3.8500000000
dvdt[54] = 3.5051895476

t2 = 4.1300000000
dvdt[59] = 3.5046519554
delta_x = 0.0820000000
delta_t = 0.2800000000

!!!!!!!! Propagation velocity = 292.857143 cm/s !!!!!!!!!!

=============================================================



[!] Propagation velocity! Id = 119
t1 = 7.1400000000
dvdt[114] = 3.5049009160

t2 = 7.4200000000
dvdt[119] = 3.5007240194
delta_x = 0.0820000000
delta_t = 0.2800000000

!!!!!!!! Propagation velocity = 292.857143 cm/s !!!!!!!!!!

=============================================================



[!] Propagation velocity! Id = 178
t1 = 10.3800000000
dvdt[173] = 3.5042674712

t2 = 10.6500000000
dvdt[178] = 3.4989354666
delta_x = 0.0820000000
delta_t = 0.2700000000

!!!!!!!! Propagation velocity = 303.703704 cm/s !!!!!!!!!!

=============================================================



[!] Propagation velocity! Id = 242
t1 = 13.9100000000
dvdt[237] = 3.0794559749

t2 = 18.5900000000
dvdt[242] = 4.1277909461
delta_x = 0.0820000000
delta_t = 4.6800000000

!!!!!!!! Propagation velocity = 17.521368 cm/s !!!!!!!!!!

=============================================================

