

[!] Propagation velocity! Id = 100
t1 = 5.2600000000
dvdt[90] = 1.4496797603

t2 = 5.6400000000
dvdt[100] = 1.4501936742
delta_x = 0.1000000000
delta_t = 0.3800000000

!!!!!!!! Propagation velocity = 263.157895 cm/s !!!!!!!!!!

=============================================================



[!] Propagation velocity! Id = 200
t1 = 9.1100000000
dvdt[190] = 1.3008074611

t2 = 9.8800000000
dvdt[200] = 1.0574441158
delta_x = 0.1000000000
delta_t = 0.7700000000

!!!!!!!! Propagation velocity = 129.870130 cm/s !!!!!!!!!!

=============================================================



[!] Propagation velocity! Id = 300
t1 = 13.2400000000
dvdt[290] = 1.4574882042

t2 = 13.6300000000
dvdt[300] = 1.4580158022
delta_x = 0.0999995320
delta_t = 0.3900000000

!!!!!!!! Propagation velocity = 256.409057 cm/s !!!!!!!!!!

=============================================================



[!] Propagation velocity! Id = 500
t1 = 13.2400000000
dvdt[490] = 1.4574882042

t2 = 13.6300000000
dvdt[500] = 1.4580158022
delta_x = 0.0999995320
delta_t = 0.3900000000

!!!!!!!! Propagation velocity = 256.409057 cm/s !!!!!!!!!!

=============================================================



[!] Propagation velocity! Id = 400
t1 = 17.1800000000
dvdt[390] = 0.9841285485

t2 = 17.6600000000
dvdt[400] = 0.0282349637
delta_x = 0.1000003981
delta_t = 0.4800000000

!!!!!!!! Propagation velocity = 208.334163 cm/s !!!!!!!!!!

=============================================================



[!] Propagation velocity! Id = 600
t1 = 17.1800000000
dvdt[590] = 0.9841285485

t2 = 17.6600000000
dvdt[600] = 0.0282349637
delta_x = 0.1000003981
delta_t = 0.4800000000

!!!!!!!! Propagation velocity = 208.334163 cm/s !!!!!!!!!!

=============================================================

