

[!] Propagation velocity! Id = 59
t1 = 3.6200000000
dvdt[54] = 3.4984946035

t2 = 3.8600000000
dvdt[59] = 3.4961632634
delta_x = 0.0820000000
delta_t = 0.2400000000

!!!!!!!! Propagation velocity = 341.666667 cm/s !!!!!!!!!!

=============================================================



[!] Propagation velocity! Id = 119
t1 = 6.4700000000
dvdt[114] = 3.4910583574

t2 = 6.7000000000
dvdt[119] = 3.4885303206
delta_x = 0.0820000000
delta_t = 0.2300000000

!!!!!!!! Propagation velocity = 356.521739 cm/s !!!!!!!!!!

=============================================================



[!] Propagation velocity! Id = 178
t1 = 9.2700000000
dvdt[173] = 3.4926536793

t2 = 9.5100000000
dvdt[178] = 3.4893039483
delta_x = 0.0820000000
delta_t = 0.2400000000

!!!!!!!! Propagation velocity = 341.666667 cm/s !!!!!!!!!!

=============================================================



[!] Propagation velocity! Id = 242
t1 = 12.3300000000
dvdt[237] = 2.9453121460

t2 = 13.5000000000
dvdt[242] = 4.7811869583
delta_x = 0.0820000000
delta_t = 1.1700000000

!!!!!!!! Propagation velocity = 70.085470 cm/s !!!!!!!!!!

=============================================================

