

[!] Propagation velocity! Id = 50
t1 = 3.2400000000
dvdt[45] = 3.5016953237

t2 = 3.4900000000
dvdt[50] = 3.4916990640
delta_x = 0.0820000000
delta_t = 0.2500000000

!!!!!!!! Propagation velocity = 328.000000 cm/s !!!!!!!!!!

=============================================================



[!] Propagation velocity! Id = 90
t1 = 5.3500000000
dvdt[85] = 3.4987931437

t2 = 5.6100000000
dvdt[90] = 3.5004553344
delta_x = 0.0819999280
delta_t = 0.2600000000

!!!!!!!! Propagation velocity = 315.384339 cm/s !!!!!!!!!!

=============================================================



[!] Propagation velocity! Id = 150
t1 = 5.3500000000
dvdt[145] = 3.4987931437

t2 = 5.6100000000
dvdt[150] = 3.5004553344
delta_x = 0.0819999280
delta_t = 0.2600000000

!!!!!!!! Propagation velocity = 315.384339 cm/s !!!!!!!!!!

=============================================================



[!] Propagation velocity! Id = 120
t1 = 6.9300000000
dvdt[115] = 3.0298506065

t2 = 9.5900000000
dvdt[120] = 4.4716521875
delta_x = 0.0819999280
delta_t = 2.6600000000

!!!!!!!! Propagation velocity = 30.827041 cm/s !!!!!!!!!!

=============================================================



[!] Propagation velocity! Id = 180
t1 = 6.9300000000
dvdt[175] = 3.0298506065

t2 = 9.5900000000
dvdt[180] = 4.4716521875
delta_x = 0.0819999280
delta_t = 2.6600000000

!!!!!!!! Propagation velocity = 30.827041 cm/s !!!!!!!!!!

=============================================================

