

[!] Propagation velocity! Id = 12
t1 = 1.2300000000
dvdt[2] = 1.7139171227

t2 = 1.8100000000
dvdt[12] = 1.4730198859
delta_x = 0.2000000000
delta_t = 0.5800000000

!!!!!!!! Propagation velocity = 344.827586 cm/s !!!!!!!!!!

=============================================================



[!] Propagation velocity! Id = 25
t1 = 2.0400000000
dvdt[15] = 1.4648931413

t2 = 2.8100000000
dvdt[25] = 1.4616099009
delta_x = 0.2000000000
delta_t = 0.7700000000

!!!!!!!! Propagation velocity = 259.740260 cm/s !!!!!!!!!!

=============================================================



[!] Propagation velocity! Id = 37
t1 = 2.9600000000
dvdt[27] = 1.4613151384

t2 = 3.7400000000
dvdt[37] = 1.4390325617
delta_x = 0.2000000000
delta_t = 0.7800000000

!!!!!!!! Propagation velocity = 256.410256 cm/s !!!!!!!!!!

=============================================================



[!] Propagation velocity! Id = 50
t1 = 3.9900000000
dvdt[40] = 1.3899057177

t2 = 16.3600000000
dvdt[50] = 0.9789358419
delta_x = 0.2000000000
delta_t = 12.3700000000

!!!!!!!! Propagation velocity = 16.168149 cm/s !!!!!!!!!!

=============================================================

