

[!] Propagation velocity! Id = 50
t1 = 3.3000000000
dvdt[45] = 3.5028702352

t2 = 3.5600000000
dvdt[50] = 3.4900232705
delta_x = 0.0820000000
delta_t = 0.2600000000

!!!!!!!! Propagation velocity = 315.384615 cm/s !!!!!!!!!!

=============================================================



[!] Propagation velocity! Id = 90
t1 = 5.5500000000
dvdt[85] = 3.4958608774

t2 = 5.8100000000
dvdt[90] = 3.4963116003
delta_x = 0.0819999280
delta_t = 0.2600000000

!!!!!!!! Propagation velocity = 315.384339 cm/s !!!!!!!!!!

=============================================================



[!] Propagation velocity! Id = 150
t1 = 5.5500000000
dvdt[145] = 3.4958608774

t2 = 5.8100000000
dvdt[150] = 3.4963116003
delta_x = 0.0819999280
delta_t = 0.2600000000

!!!!!!!! Propagation velocity = 315.384339 cm/s !!!!!!!!!!

=============================================================



[!] Propagation velocity! Id = 120
t1 = 7.1000000000
dvdt[115] = 3.8720313169

t2 = 7.2400000000
dvdt[120] = 6.5497607550
delta_x = 0.0819999280
delta_t = 0.1400000000

!!!!!!!! Propagation velocity = 585.713772 cm/s !!!!!!!!!!

=============================================================



[!] Propagation velocity! Id = 180
t1 = 7.1000000000
dvdt[175] = 3.8720313169

t2 = 7.2400000000
dvdt[180] = 6.5497607550
delta_x = 0.0819999280
delta_t = 0.1400000000

!!!!!!!! Propagation velocity = 585.713772 cm/s !!!!!!!!!!

=============================================================

