

[!] Propagation velocity! Id = 50
t1 = 3.4700000000
dvdt[45] = 3.5067280929

t2 = 3.7600000000
dvdt[50] = 3.5070408462
delta_x = 0.0820000000
delta_t = 0.2900000000

!!!!!!!! Propagation velocity = 282.758621 cm/s !!!!!!!!!!

=============================================================



[!] Propagation velocity! Id = 90
t1 = 5.9400000000
dvdt[85] = 3.5099743705

t2 = 6.2500000000
dvdt[90] = 3.5143611057
delta_x = 0.0819999280
delta_t = 0.3100000000

!!!!!!!! Propagation velocity = 264.515897 cm/s !!!!!!!!!!

=============================================================



[!] Propagation velocity! Id = 150
t1 = 5.9400000000
dvdt[145] = 3.5099743705

t2 = 6.2500000000
dvdt[150] = 3.5143611057
delta_x = 0.0819999280
delta_t = 0.3100000000

!!!!!!!! Propagation velocity = 264.515897 cm/s !!!!!!!!!!

=============================================================



[!] Propagation velocity! Id = 120
t1 = 7.8300000000
dvdt[115] = 3.7301969485

t2 = 8.0300000000
dvdt[120] = 6.5174021562
delta_x = 0.0819999280
delta_t = 0.2000000000

!!!!!!!! Propagation velocity = 409.999640 cm/s !!!!!!!!!!

=============================================================



[!] Propagation velocity! Id = 180
t1 = 7.8300000000
dvdt[175] = 3.7301969485

t2 = 8.0300000000
dvdt[180] = 6.5174021562
delta_x = 0.0819999280
delta_t = 0.2000000000

!!!!!!!! Propagation velocity = 409.999640 cm/s !!!!!!!!!!

=============================================================

