

[!] Propagation velocity! Id = 59
t1 = 4.0500000000
dvdt[54] = 3.5126973776

t2 = 4.3500000000
dvdt[59] = 3.5110055542
delta_x = 0.0820000000
delta_t = 0.3000000000

!!!!!!!! Propagation velocity = 273.333333 cm/s !!!!!!!!!!

=============================================================



[!] Propagation velocity! Id = 119
t1 = 7.6600000000
dvdt[114] = 3.5140852247

t2 = 7.9600000000
dvdt[119] = 3.5130227844
delta_x = 0.0820000000
delta_t = 0.3000000000

!!!!!!!! Propagation velocity = 273.333333 cm/s !!!!!!!!!!

=============================================================



[!] Propagation velocity! Id = 178
t1 = 11.2100000000
dvdt[173] = 3.5109343846

t2 = 11.5100000000
dvdt[178] = 3.5082168367
delta_x = 0.0820000000
delta_t = 0.3000000000

!!!!!!!! Propagation velocity = 273.333333 cm/s !!!!!!!!!!

=============================================================



[!] Propagation velocity! Id = 242
t1 = 15.0800000000
dvdt[237] = 3.1941560057

t2 = 17.8900000000
dvdt[242] = 4.4690273535
delta_x = 0.0820000000
delta_t = 2.8100000000

!!!!!!!! Propagation velocity = 29.181495 cm/s !!!!!!!!!!

=============================================================

