

[!] Propagation velocity! Id = 25
t1 = 2.0100000000
dvdt[15] = 1.4556100674

t2 = 2.7700000000
dvdt[25] = 1.4512769887
delta_x = 0.2000000000
delta_t = 0.7600000000

!!!!!!!! Propagation velocity = 263.157895 cm/s !!!!!!!!!!

=============================================================



[!] Propagation velocity! Id = 50
t1 = 3.9200000000
dvdt[40] = 1.4277783515

t2 = 5.0800000000
dvdt[50] = 1.0315219367
delta_x = 0.2000000000
delta_t = 1.1600000000

!!!!!!!! Propagation velocity = 172.413793 cm/s !!!!!!!!!!

=============================================================



[!] Propagation velocity! Id = 75
t1 = 6.1400000000
dvdt[65] = 1.4519742091

t2 = 6.9000000000
dvdt[75] = 1.4546933278
delta_x = 0.1999999301
delta_t = 0.7600000000

!!!!!!!! Propagation velocity = 263.157803 cm/s !!!!!!!!!!

=============================================================



[!] Propagation velocity! Id = 125
t1 = 6.2100000000
dvdt[115] = 1.4526648921

t2 = 6.9800000000
dvdt[125] = 1.4546616478
delta_x = 0.1999999301
delta_t = 0.7700000000

!!!!!!!! Propagation velocity = 259.740169 cm/s !!!!!!!!!!

=============================================================



[!] Propagation velocity! Id = 99
t1 = 7.9900000000
dvdt[89] = 1.4023460870

t2 = 9.8300000000
dvdt[99] = 1.8559231097
delta_x = 0.1999999301
delta_t = 1.8400000000

!!!!!!!! Propagation velocity = 108.695614 cm/s !!!!!!!!!!

=============================================================



[!] Propagation velocity! Id = 148
t1 = 7.9900000000
dvdt[138] = 1.4023460870

t2 = 9.8300000000
dvdt[148] = 1.8559231097
delta_x = 0.1999999301
delta_t = 1.8400000000

!!!!!!!! Propagation velocity = 108.695614 cm/s !!!!!!!!!!

=============================================================

