

[!] Propagation velocity! Id = 50
t1 = 3.6200000000
dvdt[40] = 3.5459798164

t2 = 4.3600000000
dvdt[50] = 3.5526538728
delta_x = 0.2000000000
delta_t = 0.7400000000

!!!!!!!! Propagation velocity = 270.270270 cm/s !!!!!!!!!!

=============================================================



[!] Propagation velocity! Id = 100
t1 = 7.3300000000
dvdt[90] = 3.5622735410

t2 = 8.0700000000
dvdt[100] = 3.5684003072
delta_x = 0.2000000000
delta_t = 0.7400000000

!!!!!!!! Propagation velocity = 270.270270 cm/s !!!!!!!!!!

=============================================================



[!] Propagation velocity! Id = 150
t1 = 10.9900000000
dvdt[140] = 3.5971643385

t2 = 11.7100000000
dvdt[150] = 3.6085315552
delta_x = 0.2000000000
delta_t = 0.7200000000

!!!!!!!! Propagation velocity = 277.777778 cm/s !!!!!!!!!!

=============================================================



[!] Propagation velocity! Id = 200
t1 = 14.5200000000
dvdt[190] = 3.5797772847

t2 = 15.2700000000
dvdt[200] = 0.0529200930
delta_x = 0.2000000000
delta_t = 0.7500000000

!!!!!!!! Propagation velocity = 266.666667 cm/s !!!!!!!!!!

=============================================================

