

[!] Propagation velocity! Id = 12
t1 = 1.2300000000
dvdt[2] = 1.7140909810

t2 = 1.8100000000
dvdt[12] = 1.4732055524
delta_x = 0.2000000000
delta_t = 0.5800000000

!!!!!!!! Propagation velocity = 344.827586 cm/s !!!!!!!!!!

=============================================================



[!] Propagation velocity! Id = 25
t1 = 2.0400000000
dvdt[15] = 1.4650897567

t2 = 2.8100000000
dvdt[25] = 1.4617834052
delta_x = 0.2000000000
delta_t = 0.7700000000

!!!!!!!! Propagation velocity = 259.740260 cm/s !!!!!!!!!!

=============================================================



[!] Propagation velocity! Id = 37
t1 = 2.9600000000
dvdt[27] = 1.4613617724

t2 = 3.7500000000
dvdt[37] = 1.4386200895
delta_x = 0.2000000000
delta_t = 0.7900000000

!!!!!!!! Propagation velocity = 253.164557 cm/s !!!!!!!!!!

=============================================================



[!] Propagation velocity! Id = 50
t1 = 3.9900000000
dvdt[40] = 1.3887516816

t2 = 18.5500000000
dvdt[50] = 0.8699176531
delta_x = 0.2000000000
delta_t = 14.5600000000

!!!!!!!! Propagation velocity = 13.736264 cm/s !!!!!!!!!!

=============================================================

