

[!] Propagation velocity! Id = 25
t1 = 2.7900000000
dvdt[15] = 3.7053498827

t2 = 3.0100000000
dvdt[25] = 3.6488072813
delta_x = 0.1000000000
delta_t = 0.2200000000

!!!!!!!! Propagation velocity = 454.545455 cm/s !!!!!!!!!!

=============================================================



[!] Propagation velocity! Id = 50
t1 = 3.3800000000
dvdt[40] = 3.5671665290

t2 = 3.6300000000
dvdt[50] = 3.5444126243
delta_x = 0.1000000000
delta_t = 0.2500000000

!!!!!!!! Propagation velocity = 400.000000 cm/s !!!!!!!!!!

=============================================================



[!] Propagation velocity! Id = 75
t1 = 4.0100000000
dvdt[65] = 3.5235032968

t2 = 4.2700000000
dvdt[75] = 3.5052934004
delta_x = 0.1000000000
delta_t = 0.2600000000

!!!!!!!! Propagation velocity = 384.615385 cm/s !!!!!!!!!!

=============================================================



[!] Propagation velocity! Id = 100
t1 = 4.6800000000
dvdt[90] = 3.0048204344

t2 = 68.8500000000
dvdt[100] = 2.2657270280
delta_x = 0.1000000000
delta_t = 64.1700000000

!!!!!!!! Propagation velocity = 1.558361 cm/s !!!!!!!!!!

=============================================================

