

[!] Propagation velocity! Id = 59
t1 = 4.1200000000
dvdt[49] = 1.4472523674

t2 = 4.7400000000
dvdt[59] = 1.4476456106
delta_x = 0.1640000000
delta_t = 0.6200000000

!!!!!!!! Propagation velocity = 264.516129 cm/s !!!!!!!!!!

=============================================================



[!] Propagation velocity! Id = 119
t1 = 7.8700000000
dvdt[109] = 1.4478332123

t2 = 8.5000000000
dvdt[119] = 1.4479211388
delta_x = 0.1640000000
delta_t = 0.6300000000

!!!!!!!! Propagation velocity = 260.317460 cm/s !!!!!!!!!!

=============================================================



[!] Propagation velocity! Id = 178
t1 = 11.5700000000
dvdt[168] = 1.4500637317

t2 = 12.2000000000
dvdt[178] = 1.4509191523
delta_x = 0.1640000000
delta_t = 0.6300000000

!!!!!!!! Propagation velocity = 260.317460 cm/s !!!!!!!!!!

=============================================================



[!] Propagation velocity! Id = 242
t1 = 15.6300000000
dvdt[232] = 1.3270789556

t2 = 18.6900000000
dvdt[242] = 1.7356209735
delta_x = 0.1640000000
delta_t = 3.0600000000

!!!!!!!! Propagation velocity = 53.594771 cm/s !!!!!!!!!!

=============================================================

