

[!] Propagation velocity! Id = 30
t1 = 2.2600000000
dvdt[25] = 3.5258007257

t2 = 2.5200000000
dvdt[30] = 3.5039046382
delta_x = 0.0820000000
delta_t = 0.2600000000

!!!!!!!! Propagation velocity = 315.384615 cm/s !!!!!!!!!!

=============================================================



[!] Propagation velocity! Id = 60
t1 = 3.9800000000
dvdt[55] = 3.5056755427

t2 = 4.2400000000
dvdt[60] = 3.5037562816
delta_x = 0.0819999280
delta_t = 0.2600000000

!!!!!!!! Propagation velocity = 315.384339 cm/s !!!!!!!!!!

=============================================================



[!] Propagation velocity! Id = 180
t1 = 3.9800000000
dvdt[175] = 3.5056755427

t2 = 4.2400000000
dvdt[180] = 3.5037562816
delta_x = 0.0819999280
delta_t = 0.2600000000

!!!!!!!! Propagation velocity = 315.384339 cm/s !!!!!!!!!!

=============================================================



[!] Propagation velocity! Id = 100
t1 = 6.2300000000
dvdt[95] = 3.5033713123

t2 = 6.4900000000
dvdt[100] = 3.5000490048
delta_x = 0.0820000000
delta_t = 0.2600000000

!!!!!!!! Propagation velocity = 315.384615 cm/s !!!!!!!!!!

=============================================================



[!] Propagation velocity! Id = 140
t1 = 6.2300000000
dvdt[135] = 3.5033713123

t2 = 6.4900000000
dvdt[140] = 3.5000490048
delta_x = 0.0819999280
delta_t = 0.2600000000

!!!!!!!! Propagation velocity = 315.384339 cm/s !!!!!!!!!!

=============================================================



[!] Propagation velocity! Id = 220
t1 = 6.2300000000
dvdt[215] = 3.5033713123

t2 = 6.4900000000
dvdt[220] = 3.5000490048
delta_x = 0.0819999280
delta_t = 0.2600000000

!!!!!!!! Propagation velocity = 315.384339 cm/s !!!!!!!!!!

=============================================================



[!] Propagation velocity! Id = 260
t1 = 6.2300000000
dvdt[255] = 3.5033713123

t2 = 6.4900000000
dvdt[260] = 3.5000490048
delta_x = 0.0820000000
delta_t = 0.2600000000

!!!!!!!! Propagation velocity = 315.384615 cm/s !!!!!!!!!!

=============================================================



[!] Propagation velocity! Id = 120
t1 = 7.2500000000
dvdt[115] = 3.8686230129

t2 = 7.4000000000
dvdt[120] = 6.5587688553
delta_x = 0.0820000000
delta_t = 0.1500000000

!!!!!!!! Propagation velocity = 546.666667 cm/s !!!!!!!!!!

=============================================================



[!] Propagation velocity! Id = 160
t1 = 7.2500000000
dvdt[155] = 3.8686230129

t2 = 7.4000000000
dvdt[160] = 6.5587688553
delta_x = 0.0819999280
delta_t = 0.1500000000

!!!!!!!! Propagation velocity = 546.666187 cm/s !!!!!!!!!!

=============================================================



[!] Propagation velocity! Id = 240
t1 = 7.2500000000
dvdt[235] = 3.8686230129

t2 = 7.4000000000
dvdt[240] = 6.5587688552
delta_x = 0.0819999280
delta_t = 0.1500000000

!!!!!!!! Propagation velocity = 546.666187 cm/s !!!!!!!!!!

=============================================================



[!] Propagation velocity! Id = 280
t1 = 7.2500000000
dvdt[275] = 3.8686230129

t2 = 7.4000000000
dvdt[280] = 6.5587688552
delta_x = 0.0820000000
delta_t = 0.1500000000

!!!!!!!! Propagation velocity = 546.666667 cm/s !!!!!!!!!!

=============================================================

