

[!] Propagation velocity! Id = 25
t1 = 2.0100000000
dvdt[15] = 1.4558414734

t2 = 2.7700000000
dvdt[25] = 1.4515439447
delta_x = 0.2000000000
delta_t = 0.7600000000

!!!!!!!! Propagation velocity = 263.157895 cm/s !!!!!!!!!!

=============================================================



[!] Propagation velocity! Id = 50
t1 = 3.9200000000
dvdt[40] = 1.4524878258

t2 = 4.6900000000
dvdt[50] = 1.4534962628
delta_x = 0.2000000000
delta_t = 0.7700000000

!!!!!!!! Propagation velocity = 259.740260 cm/s !!!!!!!!!!

=============================================================



[!] Propagation velocity! Id = 75
t1 = 5.8400000000
dvdt[65] = 1.4554809796

t2 = 6.6200000000
dvdt[75] = 1.4571862464
delta_x = 0.2000000000
delta_t = 0.7800000000

!!!!!!!! Propagation velocity = 256.410256 cm/s !!!!!!!!!!

=============================================================



[!] Propagation velocity! Id = 100
t1 = 7.7900000000
dvdt[90] = 1.3928723247

t2 = 12.4300000000
dvdt[100] = 1.5379707955
delta_x = 0.2000000000
delta_t = 4.6400000000

!!!!!!!! Propagation velocity = 43.103448 cm/s !!!!!!!!!!

=============================================================

