

[!] Propagation velocity! Id = 25
t1 = 2.3700000000
dvdt[15] = 3.6798499649

t2 = 2.6000000000
dvdt[25] = 3.6311031599
delta_x = 0.1000000000
delta_t = 0.2300000000

!!!!!!!! Propagation velocity = 434.782609 cm/s !!!!!!!!!!

=============================================================



[!] Propagation velocity! Id = 50
t1 = 2.9500000000
dvdt[40] = 3.5767558159

t2 = 3.2000000000
dvdt[50] = 3.5548007318
delta_x = 0.1000000000
delta_t = 0.2500000000

!!!!!!!! Propagation velocity = 400.000000 cm/s !!!!!!!!!!

=============================================================



[!] Propagation velocity! Id = 75
t1 = 3.5700000000
dvdt[65] = 3.5399339334

t2 = 3.8200000000
dvdt[75] = 3.5260211459
delta_x = 0.1000000000
delta_t = 0.2500000000

!!!!!!!! Propagation velocity = 400.000000 cm/s !!!!!!!!!!

=============================================================



[!] Propagation velocity! Id = 100
t1 = 4.2100000000
dvdt[90] = 3.0921467840

t2 = 4.4700000000
dvdt[100] = 0.1096664662
delta_x = 0.1000000000
delta_t = 0.2600000000

!!!!!!!! Propagation velocity = 384.615385 cm/s !!!!!!!!!!

=============================================================

