

[!] Propagation velocity! Id = 100
t1 = 4.7800000000
dvdt[90] = 3.4868799019

t2 = 5.1500000000
dvdt[100] = 3.4856133272
delta_x = 0.1000000000
delta_t = 0.3700000000

!!!!!!!! Propagation velocity = 270.270270 cm/s !!!!!!!!!!

=============================================================



[!] Propagation velocity! Id = 200
t1 = 8.5000000000
dvdt[190] = 3.4838479388

t2 = 8.8700000000
dvdt[200] = 3.4797642111
delta_x = 0.1000000000
delta_t = 0.3700000000

!!!!!!!! Propagation velocity = 270.270270 cm/s !!!!!!!!!!

=============================================================



[!] Propagation velocity! Id = 300
t1 = 12.2300000000
dvdt[290] = 3.4801381271

t2 = 12.6000000000
dvdt[300] = 3.4828954517
delta_x = 0.1000000000
delta_t = 0.3700000000

!!!!!!!! Propagation velocity = 270.270270 cm/s !!!!!!!!!!

=============================================================



[!] Propagation velocity! Id = 400
t1 = 15.9600000000
dvdt[390] = 3.3302495585

t2 = 20.3400000000
dvdt[400] = 4.1950696004
delta_x = 0.1000000000
delta_t = 4.3800000000

!!!!!!!! Propagation velocity = 22.831050 cm/s !!!!!!!!!!

=============================================================

