

[!] Propagation velocity! Id = 100
t1 = 4.7700000000
dvdt[90] = 3.4826591183

t2 = 5.1500000000
dvdt[100] = 3.4812177464
delta_x = 0.1000000000
delta_t = 0.3800000000

!!!!!!!! Propagation velocity = 263.157895 cm/s !!!!!!!!!!

=============================================================



[!] Propagation velocity! Id = 200
t1 = 8.4900000000
dvdt[190] = 3.4853055030

t2 = 8.8600000000
dvdt[200] = 3.4822242633
delta_x = 0.1000000000
delta_t = 0.3700000000

!!!!!!!! Propagation velocity = 270.270270 cm/s !!!!!!!!!!

=============================================================



[!] Propagation velocity! Id = 300
t1 = 12.2100000000
dvdt[290] = 3.4861671146

t2 = 12.5800000000
dvdt[300] = 3.4843074121
delta_x = 0.1000000000
delta_t = 0.3700000000

!!!!!!!! Propagation velocity = 270.270270 cm/s !!!!!!!!!!

=============================================================



[!] Propagation velocity! Id = 400
t1 = 15.9300000000
dvdt[390] = 3.3208399205

t2 = 40.0300000000
dvdt[400] = 2.2120415517
delta_x = 0.1000000000
delta_t = 24.1000000000

!!!!!!!! Propagation velocity = 4.149378 cm/s !!!!!!!!!!

=============================================================

