

[!] Propagation velocity! Id = 50
t1 = 4.0000000000
dvdt[45] = 1.4492814882

t2 = 4.3400000000
dvdt[50] = 1.4425046169
delta_x = 0.0820000000
delta_t = 0.3400000000

!!!!!!!! Propagation velocity = 241.176471 cm/s !!!!!!!!!!

=============================================================



[!] Propagation velocity! Id = 90
t1 = 6.8700000000
dvdt[85] = 1.4562430181

t2 = 7.2400000000
dvdt[90] = 1.4570014453
delta_x = 0.0819999280
delta_t = 0.3700000000

!!!!!!!! Propagation velocity = 221.621427 cm/s !!!!!!!!!!

=============================================================



[!] Propagation velocity! Id = 150
t1 = 6.8700000000
dvdt[145] = 1.4562430181

t2 = 7.2400000000
dvdt[150] = 1.4570014453
delta_x = 0.0819999280
delta_t = 0.3700000000

!!!!!!!! Propagation velocity = 221.621427 cm/s !!!!!!!!!!

=============================================================



[!] Propagation velocity! Id = 120
t1 = 9.1300000000
dvdt[115] = 0.9556480025

t2 = 15.7400000000
dvdt[120] = 1.3402619757
delta_x = 0.0819999280
delta_t = 6.6100000000

!!!!!!!! Propagation velocity = 12.405435 cm/s !!!!!!!!!!

=============================================================



[!] Propagation velocity! Id = 180
t1 = 9.1300000000
dvdt[175] = 0.9556480025

t2 = 15.7400000000
dvdt[180] = 1.3402619757
delta_x = 0.0819999280
delta_t = 6.6100000000

!!!!!!!! Propagation velocity = 12.405435 cm/s !!!!!!!!!!

=============================================================

