

[!] Propagation velocity! Id = 59
t1 = 5.2000000000
dvdt[54] = 1.4415944450

t2 = 5.6000000000
dvdt[59] = 1.4414445624
delta_x = 0.0820000000
delta_t = 0.4000000000

!!!!!!!! Propagation velocity = 205.000000 cm/s !!!!!!!!!!

=============================================================



[!] Propagation velocity! Id = 119
t1 = 10.0900000000
dvdt[114] = 1.4358516814

t2 = 10.4900000000
dvdt[119] = 1.4355512270
delta_x = 0.0820000000
delta_t = 0.4000000000

!!!!!!!! Propagation velocity = 205.000000 cm/s !!!!!!!!!!

=============================================================



[!] Propagation velocity! Id = 178
t1 = 14.8800000000
dvdt[173] = 1.4302541624

t2 = 15.2900000000
dvdt[178] = 1.4301512241
delta_x = 0.0820000000
delta_t = 0.4100000000

!!!!!!!! Propagation velocity = 200.000000 cm/s !!!!!!!!!!

=============================================================



[!] Propagation velocity! Id = 242
t1 = 20.1600000000
dvdt[237] = 1.0281275979

t2 = 20.9500000000
dvdt[242] = 0.0195825651
delta_x = 0.0820000000
delta_t = 0.7900000000

!!!!!!!! Propagation velocity = 103.797468 cm/s !!!!!!!!!!

=============================================================

