

[!] Propagation velocity! Id = 59
t1 = 3.6700000000
dvdt[54] = 3.5001037043

t2 = 3.9200000000
dvdt[59] = 3.5027142894
delta_x = 0.0820000000
delta_t = 0.2500000000

!!!!!!!! Propagation velocity = 328.000000 cm/s !!!!!!!!!!

=============================================================



[!] Propagation velocity! Id = 119
t1 = 6.6400000000
dvdt[114] = 3.4996689214

t2 = 6.8900000000
dvdt[119] = 3.5000843618
delta_x = 0.0820000000
delta_t = 0.2500000000

!!!!!!!! Propagation velocity = 328.000000 cm/s !!!!!!!!!!

=============================================================



[!] Propagation velocity! Id = 178
t1 = 9.5600000000
dvdt[173] = 3.4968647044

t2 = 9.8100000000
dvdt[178] = 3.4994349009
delta_x = 0.0820000000
delta_t = 0.2500000000

!!!!!!!! Propagation velocity = 328.000000 cm/s !!!!!!!!!!

=============================================================



[!] Propagation velocity! Id = 242
t1 = 12.7500000000
dvdt[237] = 2.9253730568

t2 = 27.9400000000
dvdt[242] = 2.9099685792
delta_x = 0.0820000000
delta_t = 15.1900000000

!!!!!!!! Propagation velocity = 5.398288 cm/s !!!!!!!!!!

=============================================================

