

[!] Propagation velocity! Id = 30
t1 = 2.2700000000
dvdt[25] = 3.5409603319

t2 = 2.5600000000
dvdt[30] = 3.5302994536
delta_x = 0.0820000000
delta_t = 0.2900000000

!!!!!!!! Propagation velocity = 282.758621 cm/s !!!!!!!!!!

=============================================================



[!] Propagation velocity! Id = 60
t1 = 4.0800000000
dvdt[55] = 3.5330772542

t2 = 4.4000000000
dvdt[60] = 3.5324677736
delta_x = 0.0819999280
delta_t = 0.3200000000

!!!!!!!! Propagation velocity = 256.249775 cm/s !!!!!!!!!!

=============================================================



[!] Propagation velocity! Id = 180
t1 = 4.0800000000
dvdt[175] = 3.5330772542

t2 = 4.4000000000
dvdt[180] = 3.5324677736
delta_x = 0.0819999280
delta_t = 0.3200000000

!!!!!!!! Propagation velocity = 256.249775 cm/s !!!!!!!!!!

=============================================================



[!] Propagation velocity! Id = 100
t1 = 6.7600000000
dvdt[95] = 3.5527195535

t2 = 7.1300000000
dvdt[100] = 3.5515337607
delta_x = 0.0820000000
delta_t = 0.3700000000

!!!!!!!! Propagation velocity = 221.621622 cm/s !!!!!!!!!!

=============================================================



[!] Propagation velocity! Id = 140
t1 = 6.7600000000
dvdt[135] = 3.5527195535

t2 = 7.1300000000
dvdt[140] = 3.5515337607
delta_x = 0.0819999280
delta_t = 0.3700000000

!!!!!!!! Propagation velocity = 221.621427 cm/s !!!!!!!!!!

=============================================================



[!] Propagation velocity! Id = 220
t1 = 6.7600000000
dvdt[215] = 3.5527195535

t2 = 7.1300000000
dvdt[220] = 3.5515337607
delta_x = 0.0819999280
delta_t = 0.3700000000

!!!!!!!! Propagation velocity = 221.621427 cm/s !!!!!!!!!!

=============================================================



[!] Propagation velocity! Id = 260
t1 = 6.7600000000
dvdt[255] = 3.5527195535

t2 = 7.1300000000
dvdt[260] = 3.5515337607
delta_x = 0.0820000000
delta_t = 0.3700000000

!!!!!!!! Propagation velocity = 221.621622 cm/s !!!!!!!!!!

=============================================================



[!] Propagation velocity! Id = 120
t1 = 8.2600000000
dvdt[115] = 3.3909881443

t2 = 8.7000000000
dvdt[120] = 0.0916198584
delta_x = 0.0820000000
delta_t = 0.4400000000

!!!!!!!! Propagation velocity = 186.363636 cm/s !!!!!!!!!!

=============================================================



[!] Propagation velocity! Id = 160
t1 = 8.2600000000
dvdt[155] = 3.3909881443

t2 = 8.7000000000
dvdt[160] = 0.0916198584
delta_x = 0.0819999280
delta_t = 0.4400000000

!!!!!!!! Propagation velocity = 186.363473 cm/s !!!!!!!!!!

=============================================================



[!] Propagation velocity! Id = 240
t1 = 8.2600000000
dvdt[235] = 3.3909881443

t2 = 8.7000000000
dvdt[240] = 0.0916198584
delta_x = 0.0819999280
delta_t = 0.4400000000

!!!!!!!! Propagation velocity = 186.363473 cm/s !!!!!!!!!!

=============================================================



[!] Propagation velocity! Id = 280
t1 = 8.2600000000
dvdt[275] = 3.3909881443

t2 = 8.7000000000
dvdt[280] = 0.0916198584
delta_x = 0.0820000000
delta_t = 0.4400000000

!!!!!!!! Propagation velocity = 186.363636 cm/s !!!!!!!!!!

=============================================================

