

[!] Propagation velocity! Id = 59
t1 = 4.3900000000
dvdt[54] = 3.5214911466

t2 = 4.7300000000
dvdt[59] = 3.5226530598
delta_x = 0.0820000000
delta_t = 0.3400000000

!!!!!!!! Propagation velocity = 241.176471 cm/s !!!!!!!!!!

=============================================================



[!] Propagation velocity! Id = 119
t1 = 8.4500000000
dvdt[114] = 3.5257206865

t2 = 8.7900000000
dvdt[119] = 3.5270114614
delta_x = 0.0820000000
delta_t = 0.3400000000

!!!!!!!! Propagation velocity = 241.176471 cm/s !!!!!!!!!!

=============================================================



[!] Propagation velocity! Id = 178
t1 = 12.4400000000
dvdt[173] = 3.5307316961

t2 = 12.7700000000
dvdt[178] = 3.5313316388
delta_x = 0.0820000000
delta_t = 0.3300000000

!!!!!!!! Propagation velocity = 248.484848 cm/s !!!!!!!!!!

=============================================================



[!] Propagation velocity! Id = 242
t1 = 16.7400000000
dvdt[237] = 3.3110102881

t2 = 17.1400000000
dvdt[242] = 0.0432643289
delta_x = 0.0820000000
delta_t = 0.4000000000

!!!!!!!! Propagation velocity = 205.000000 cm/s !!!!!!!!!!

=============================================================

