

[!] Propagation velocity! Id = 59
t1 = 4.2600000000
dvdt[54] = 1.4470291163

t2 = 4.5500000000
dvdt[59] = 1.4471113868
delta_x = 0.0820000000
delta_t = 0.2900000000

!!!!!!!! Propagation velocity = 282.758621 cm/s !!!!!!!!!!

=============================================================



[!] Propagation velocity! Id = 119
t1 = 7.7400000000
dvdt[114] = 1.4473995255

t2 = 8.0300000000
dvdt[119] = 1.4474527881
delta_x = 0.0820000000
delta_t = 0.2900000000

!!!!!!!! Propagation velocity = 282.758621 cm/s !!!!!!!!!!

=============================================================



[!] Propagation velocity! Id = 178
t1 = 11.1600000000
dvdt[173] = 1.4491645395

t2 = 11.4500000000
dvdt[178] = 1.4494365334
delta_x = 0.0820000000
delta_t = 0.2900000000

!!!!!!!! Propagation velocity = 282.758621 cm/s !!!!!!!!!!

=============================================================



[!] Propagation velocity! Id = 242
t1 = 14.9600000000
dvdt[237] = 0.9487004688

t2 = 16.1200000000
dvdt[242] = 1.9778696723
delta_x = 0.0820000000
delta_t = 1.1600000000

!!!!!!!! Propagation velocity = 70.689655 cm/s !!!!!!!!!!

=============================================================

