

[!] Propagation velocity! Id = 59
t1 = 4.2600000000
dvdt[54] = 1.4470744831

t2 = 4.5500000000
dvdt[59] = 1.4471663408
delta_x = 0.0820000000
delta_t = 0.2900000000

!!!!!!!! Propagation velocity = 282.758621 cm/s !!!!!!!!!!

=============================================================



[!] Propagation velocity! Id = 119
t1 = 7.7400000000
dvdt[114] = 1.4476791813

t2 = 8.0300000000
dvdt[119] = 1.4477689433
delta_x = 0.0820000000
delta_t = 0.2900000000

!!!!!!!! Propagation velocity = 282.758621 cm/s !!!!!!!!!!

=============================================================



[!] Propagation velocity! Id = 178
t1 = 11.1700000000
dvdt[173] = 1.4498792499

t2 = 11.4600000000
dvdt[178] = 1.4504212487
delta_x = 0.0820000000
delta_t = 0.2900000000

!!!!!!!! Propagation velocity = 282.758621 cm/s !!!!!!!!!!

=============================================================



[!] Propagation velocity! Id = 242
t1 = 14.9500000000
dvdt[237] = 0.8521100900

t2 = 16.9400000000
dvdt[242] = 1.8525390532
delta_x = 0.0820000000
delta_t = 1.9900000000

!!!!!!!! Propagation velocity = 41.206030 cm/s !!!!!!!!!!

=============================================================

