

[!] Propagation velocity! Id = 100
t1 = 4.7400000000
dvdt[90] = 3.4927316483

t2 = 5.1100000000
dvdt[100] = 3.4941301878
delta_x = 0.1000000000
delta_t = 0.3700000000

!!!!!!!! Propagation velocity = 270.270270 cm/s !!!!!!!!!!

=============================================================



[!] Propagation velocity! Id = 200
t1 = 8.4300000000
dvdt[190] = 3.5080088402

t2 = 8.7900000000
dvdt[200] = 3.5070824093
delta_x = 0.1000000000
delta_t = 0.3600000000

!!!!!!!! Propagation velocity = 277.777778 cm/s !!!!!!!!!!

=============================================================



[!] Propagation velocity! Id = 300
t1 = 12.0500000000
dvdt[290] = 3.5442773411

t2 = 12.4100000000
dvdt[300] = 3.5505428754
delta_x = 0.1000000000
delta_t = 0.3600000000

!!!!!!!! Propagation velocity = 277.777778 cm/s !!!!!!!!!!

=============================================================



[!] Propagation velocity! Id = 400
t1 = 15.5500000000
dvdt[390] = 3.3860998359

t2 = 15.9900000000
dvdt[400] = 0.0549434771
delta_x = 0.1000000000
delta_t = 0.4400000000

!!!!!!!! Propagation velocity = 227.272727 cm/s !!!!!!!!!!

=============================================================

