

[!] Propagation velocity! Id = 14
t1 = 1.4500000000
dvdt[4] = 1.5918803646

t2 = 1.9700000000
dvdt[14] = 1.4646424598
delta_x = 0.1640000000
delta_t = 0.5200000000

!!!!!!!! Propagation velocity = 315.384615 cm/s !!!!!!!!!!

=============================================================



[!] Propagation velocity! Id = 29
t1 = 2.2800000000
dvdt[19] = 1.4558462958

t2 = 2.9100000000
dvdt[29] = 1.4586138044
delta_x = 0.1640000000
delta_t = 0.6300000000

!!!!!!!! Propagation velocity = 260.317460 cm/s !!!!!!!!!!

=============================================================



[!] Propagation velocity! Id = 43
t1 = 3.1600000000
dvdt[33] = 1.4583741792

t2 = 3.8000000000
dvdt[43] = 1.4443943059
delta_x = 0.1640000000
delta_t = 0.6400000000

!!!!!!!! Propagation velocity = 256.250000 cm/s !!!!!!!!!!

=============================================================



[!] Propagation velocity! Id = 58
t1 = 4.1300000000
dvdt[48] = 1.3870056481

t2 = 9.9400000000
dvdt[58] = 1.1373989784
delta_x = 0.1640000000
delta_t = 5.8100000000

!!!!!!!! Propagation velocity = 28.227194 cm/s !!!!!!!!!!

=============================================================

