

[!] Propagation velocity! Id = 14
t1 = 1.4500000000
dvdt[4] = 3.8505581858

t2 = 1.8100000000
dvdt[14] = 3.6652598106
delta_x = 0.1640000000
delta_t = 0.3600000000

!!!!!!!! Propagation velocity = 455.555556 cm/s !!!!!!!!!!

=============================================================



[!] Propagation velocity! Id = 29
t1 = 2.0100000000
dvdt[19] = 3.6009579704

t2 = 2.4300000000
dvdt[29] = 3.5499923588
delta_x = 0.1640000000
delta_t = 0.4200000000

!!!!!!!! Propagation velocity = 390.476190 cm/s !!!!!!!!!!

=============================================================



[!] Propagation velocity! Id = 43
t1 = 2.6000000000
dvdt[33] = 3.5406793030

t2 = 3.0300000000
dvdt[43] = 3.5188421642
delta_x = 0.1640000000
delta_t = 0.4300000000

!!!!!!!! Propagation velocity = 381.395349 cm/s !!!!!!!!!!

=============================================================



[!] Propagation velocity! Id = 58
t1 = 3.2400000000
dvdt[48] = 3.4894944545

t2 = 3.6100000000
dvdt[58] = 0.9545805454
delta_x = 0.1640000000
delta_t = 0.3700000000

!!!!!!!! Propagation velocity = 443.243243 cm/s !!!!!!!!!!

=============================================================

