

[!] Propagation velocity! Id = 59
t1 = 3.6400000000
dvdt[54] = 3.5003943336

t2 = 3.8800000000
dvdt[59] = 3.4963703865
delta_x = 0.0820000000
delta_t = 0.2400000000

!!!!!!!! Propagation velocity = 341.666667 cm/s !!!!!!!!!!

=============================================================



[!] Propagation velocity! Id = 119
t1 = 6.5500000000
dvdt[114] = 3.4907852134

t2 = 6.7900000000
dvdt[119] = 3.4962421228
delta_x = 0.0820000000
delta_t = 0.2400000000

!!!!!!!! Propagation velocity = 341.666667 cm/s !!!!!!!!!!

=============================================================



[!] Propagation velocity! Id = 178
t1 = 9.4000000000
dvdt[173] = 3.4936199995

t2 = 9.6500000000
dvdt[178] = 3.4901605281
delta_x = 0.0820000000
delta_t = 0.2500000000

!!!!!!!! Propagation velocity = 328.000000 cm/s !!!!!!!!!!

=============================================================



[!] Propagation velocity! Id = 242
t1 = 12.5300000000
dvdt[237] = 2.8920224473

t2 = 23.1600000000
dvdt[242] = 3.3618167442
delta_x = 0.0820000000
delta_t = 10.6300000000

!!!!!!!! Propagation velocity = 7.714017 cm/s !!!!!!!!!!

=============================================================

