

[!] Propagation velocity! Id = 100
t1 = 5.1300000000
dvdt[90] = 1.4312998885

t2 = 5.5100000000
dvdt[100] = 1.4311497710
delta_x = 0.1000000000
delta_t = 0.3800000000

!!!!!!!! Propagation velocity = 263.157895 cm/s !!!!!!!!!!

=============================================================



[!] Propagation velocity! Id = 200
t1 = 8.9100000000
dvdt[190] = 1.4284187853

t2 = 9.2900000000
dvdt[200] = 1.4277928857
delta_x = 0.1000000000
delta_t = 0.3800000000

!!!!!!!! Propagation velocity = 263.157895 cm/s !!!!!!!!!!

=============================================================



[!] Propagation velocity! Id = 300
t1 = 12.6900000000
dvdt[290] = 1.4279745770

t2 = 13.0700000000
dvdt[300] = 1.4286141171
delta_x = 0.1000000000
delta_t = 0.3800000000

!!!!!!!! Propagation velocity = 263.157895 cm/s !!!!!!!!!!

=============================================================



[!] Propagation velocity! Id = 400
t1 = 16.5400000000
dvdt[390] = 0.9750386450

t2 = 83.1200000000
dvdt[400] = 0.2332615289
delta_x = 0.1000000000
delta_t = 66.5800000000

!!!!!!!! Propagation velocity = 1.501953 cm/s !!!!!!!!!!

=============================================================

