

[!] Propagation velocity! Id = 36
t1 = 0.5900000000
dvdt[26] = 0.0688682294

t2 = 1.2100000000
dvdt[36] = 0.0496455054
delta_x = 0.0680000000
delta_t = 0.6200000000

!!!!!!!! Propagation velocity = 109.677419 cm/s !!!!!!!!!!

=============================================================



[!] Propagation velocity! Id = 73
t1 = 3.1700000000
dvdt[63] = 0.0288415907

t2 = 3.2800000000
dvdt[73] = 0.0232752723
delta_x = 0.0680000000
delta_t = 0.1100000000

!!!!!!!! Propagation velocity = 618.181818 cm/s !!!!!!!!!!

=============================================================



[!] Propagation velocity! Id = 109
t1 = 3.6900000000
dvdt[99] = 0.0113478464

t2 = 3.8700000000
dvdt[109] = 0.0075990655
delta_x = 0.0680000000
delta_t = 0.1800000000

!!!!!!!! Propagation velocity = 377.777778 cm/s !!!!!!!!!!

=============================================================



[!] Propagation velocity! Id = 146
t1 = 240.7200000000
dvdt[136] = 0.0000328901

t2 = 241.1400000000
dvdt[146] = 0.0000348683
delta_x = 0.0680000000
delta_t = 0.4200000000

!!!!!!!! Propagation velocity = 161.904762 cm/s !!!!!!!!!!

=============================================================

