

[!] Propagation velocity! Id = 12
t1 = 0.7100000000
dvdt[2] = 2.9390651563

t2 = 1.3400000000
dvdt[12] = 2.5373268761
delta_x = 0.2000000000
delta_t = 0.6300000000

!!!!!!!! Propagation velocity = 317.460317 cm/s !!!!!!!!!!

=============================================================



[!] Propagation velocity! Id = 25
t1 = 1.5700000000
dvdt[15] = 2.5557306316

t2 = 2.3100000000
dvdt[25] = 2.6803921112
delta_x = 0.2000000000
delta_t = 0.7400000000

!!!!!!!! Propagation velocity = 270.270270 cm/s !!!!!!!!!!

=============================================================



[!] Propagation velocity! Id = 37
t1 = 2.4600000000
dvdt[27] = 2.7019361609

t2 = 3.1900000000
dvdt[37] = 2.8175481005
delta_x = 0.2000000000
delta_t = 0.7300000000

!!!!!!!! Propagation velocity = 273.972603 cm/s !!!!!!!!!!

=============================================================



[!] Propagation velocity! Id = 50
t1 = 3.4000000000
dvdt[40] = 2.8429921746

t2 = 4.2000000000
dvdt[50] = 0.0456702619
delta_x = 0.2000000000
delta_t = 0.8000000000

!!!!!!!! Propagation velocity = 250.000000 cm/s !!!!!!!!!!

=============================================================

