

[!] Propagation velocity! Id = 59
t1 = 5.2300000000
dvdt[54] = 1.4503652187

t2 = 5.6400000000
dvdt[59] = 1.4503944977
delta_x = 0.0820000000
delta_t = 0.4100000000

!!!!!!!! Propagation velocity = 200.000000 cm/s !!!!!!!!!!

=============================================================



[!] Propagation velocity! Id = 119
t1 = 10.1600000000
dvdt[114] = 1.4518929397

t2 = 10.5700000000
dvdt[119] = 1.4519905247
delta_x = 0.0820000000
delta_t = 0.4100000000

!!!!!!!! Propagation velocity = 200.000000 cm/s !!!!!!!!!!

=============================================================



[!] Propagation velocity! Id = 178
t1 = 15.0300000000
dvdt[173] = 1.4571156382

t2 = 15.4500000000
dvdt[178] = 1.4580291243
delta_x = 0.0820000000
delta_t = 0.4200000000

!!!!!!!! Propagation velocity = 195.238095 cm/s !!!!!!!!!!

=============================================================



[!] Propagation velocity! Id = 242
t1 = 20.4400000000
dvdt[237] = 1.0357947410

t2 = 21.2400000000
dvdt[242] = 0.0259936525
delta_x = 0.0820000000
delta_t = 0.8000000000

!!!!!!!! Propagation velocity = 102.500000 cm/s !!!!!!!!!!

=============================================================

