

[!] Propagation velocity! Id = 12
t1 = 1.0300000000
dvdt[2] = 3.8765227823

t2 = 1.4300000000
dvdt[12] = 3.6724477533
delta_x = 0.2000000000
delta_t = 0.4000000000

!!!!!!!! Propagation velocity = 500.000000 cm/s !!!!!!!!!!

=============================================================



[!] Propagation velocity! Id = 25
t1 = 1.5800000000
dvdt[15] = 3.6332069294

t2 = 2.0800000000
dvdt[25] = 3.5708219303
delta_x = 0.2000000000
delta_t = 0.5000000000

!!!!!!!! Propagation velocity = 400.000000 cm/s !!!!!!!!!!

=============================================================



[!] Propagation velocity! Id = 37
t1 = 2.1800000000
dvdt[27] = 3.5674286107

t2 = 2.6800000000
dvdt[37] = 3.5542523517
delta_x = 0.2000000000
delta_t = 0.5000000000

!!!!!!!! Propagation velocity = 400.000000 cm/s !!!!!!!!!!

=============================================================



[!] Propagation velocity! Id = 50
t1 = 2.8300000000
dvdt[40] = 3.5261103228

t2 = 3.3600000000
dvdt[50] = 0.1084683071
delta_x = 0.2000000000
delta_t = 0.5300000000

!!!!!!!! Propagation velocity = 377.358491 cm/s !!!!!!!!!!

=============================================================

