

[!] Propagation velocity! Id = 50
t1 = 3.2500000000
dvdt[45] = 3.5005316976

t2 = 3.5000000000
dvdt[50] = 3.4976836344
delta_x = 0.0820000000
delta_t = 0.2500000000

!!!!!!!! Propagation velocity = 328.000000 cm/s !!!!!!!!!!

=============================================================



[!] Propagation velocity! Id = 90
t1 = 5.3600000000
dvdt[85] = 3.5026474221

t2 = 5.6400000000
dvdt[90] = 3.4985700334
delta_x = 0.0819999280
delta_t = 0.2800000000

!!!!!!!! Propagation velocity = 292.856886 cm/s !!!!!!!!!!

=============================================================



[!] Propagation velocity! Id = 150
t1 = 5.3600000000
dvdt[145] = 3.5026474223

t2 = 5.6400000000
dvdt[150] = 3.4985700337
delta_x = 0.0819999280
delta_t = 0.2800000000

!!!!!!!! Propagation velocity = 292.856886 cm/s !!!!!!!!!!

=============================================================



[!] Propagation velocity! Id = 120
t1 = 7.0200000000
dvdt[115] = 3.8104187267

t2 = 7.1800000000
dvdt[120] = 6.5432776452
delta_x = 0.0819999280
delta_t = 0.1600000000

!!!!!!!! Propagation velocity = 512.499550 cm/s !!!!!!!!!!

=============================================================



[!] Propagation velocity! Id = 180
t1 = 7.0200000000
dvdt[175] = 3.8104187273

t2 = 7.1800000000
dvdt[180] = 6.5432776460
delta_x = 0.0819999280
delta_t = 0.1600000000

!!!!!!!! Propagation velocity = 512.499550 cm/s !!!!!!!!!!

=============================================================

