

[!] Propagation velocity! Id = 59
t1 = 3.9600000000
dvdt[54] = 3.5132317601

t2 = 4.2400000000
dvdt[59] = 3.5140129879
delta_x = 0.0820000000
delta_t = 0.2800000000

!!!!!!!! Propagation velocity = 292.857143 cm/s !!!!!!!!!!

=============================================================



[!] Propagation velocity! Id = 119
t1 = 7.4200000000
dvdt[114] = 3.5282218506

t2 = 7.7100000000
dvdt[119] = 3.5280352166
delta_x = 0.0820000000
delta_t = 0.2900000000

!!!!!!!! Propagation velocity = 282.758621 cm/s !!!!!!!!!!

=============================================================



[!] Propagation velocity! Id = 178
t1 = 10.8000000000
dvdt[173] = 3.5458935777

t2 = 11.0800000000
dvdt[178] = 3.5434619203
delta_x = 0.0820000000
delta_t = 0.2800000000

!!!!!!!! Propagation velocity = 292.857143 cm/s !!!!!!!!!!

=============================================================



[!] Propagation velocity! Id = 242
t1 = 14.4200000000
dvdt[237] = 3.2164636809

t2 = 14.7600000000
dvdt[242] = 0.0668257441
delta_x = 0.0820000000
delta_t = 0.3400000000

!!!!!!!! Propagation velocity = 241.176471 cm/s !!!!!!!!!!

=============================================================

