

[!] Propagation velocity! Id = 59
t1 = 4.6200000000
dvdt[54] = 3.5472655646

t2 = 4.9900000000
dvdt[59] = 3.5466872548
delta_x = 0.0820000000
delta_t = 0.3700000000

!!!!!!!! Propagation velocity = 221.621622 cm/s !!!!!!!!!!

=============================================================



[!] Propagation velocity! Id = 119
t1 = 9.0200000000
dvdt[114] = 3.5552266553

t2 = 9.3800000000
dvdt[119] = 3.5675977212
delta_x = 0.0820000000
delta_t = 0.3600000000

!!!!!!!! Propagation velocity = 227.777778 cm/s !!!!!!!!!!

=============================================================



[!] Propagation velocity! Id = 178
t1 = 13.2200000000
dvdt[173] = 3.6288086678

t2 = 13.5600000000
dvdt[178] = 3.6278142267
delta_x = 0.0820000000
delta_t = 0.3400000000

!!!!!!!! Propagation velocity = 241.176471 cm/s !!!!!!!!!!

=============================================================



[!] Propagation velocity! Id = 242
t1 = 17.9500000000
dvdt[237] = 0.4593329223

t2 = 18.6300000000
dvdt[242] = 0.0074137754
delta_x = 0.0820000000
delta_t = 0.6800000000

!!!!!!!! Propagation velocity = 120.588235 cm/s !!!!!!!!!!

=============================================================

