

[!] Propagation velocity! Id = 12
t1 = 1.2200000000
dvdt[2] = 1.7086992623

t2 = 1.7900000000
dvdt[12] = 1.4683186517
delta_x = 0.2000000000
delta_t = 0.5700000000

!!!!!!!! Propagation velocity = 350.877193 cm/s !!!!!!!!!!

=============================================================



[!] Propagation velocity! Id = 25
t1 = 2.0200000000
dvdt[15] = 1.4603992829

t2 = 2.7900000000
dvdt[25] = 1.4567504182
delta_x = 0.2000000000
delta_t = 0.7700000000

!!!!!!!! Propagation velocity = 259.740260 cm/s !!!!!!!!!!

=============================================================



[!] Propagation velocity! Id = 37
t1 = 2.9400000000
dvdt[27] = 1.4565292355

t2 = 3.7200000000
dvdt[37] = 1.4399941896
delta_x = 0.2000000000
delta_t = 0.7800000000

!!!!!!!! Propagation velocity = 256.410256 cm/s !!!!!!!!!!

=============================================================



[!] Propagation velocity! Id = 50
t1 = 3.9500000000
dvdt[40] = 1.4031768594

t2 = 5.8000000000
dvdt[50] = 1.8572966785
delta_x = 0.2000000000
delta_t = 1.8500000000

!!!!!!!! Propagation velocity = 108.108108 cm/s !!!!!!!!!!

=============================================================

