

[!] Propagation velocity! Id = 36
t1 = 2.0100000000
dvdt[26] = 0.0933819108

t2 = 2.0500000000
dvdt[36] = 0.0742491300
delta_x = 0.0680000000
delta_t = 0.0400000000

!!!!!!!! Propagation velocity = 1700.000000 cm/s !!!!!!!!!!

=============================================================



[!] Propagation velocity! Id = 73
t1 = 2.2600000000
dvdt[63] = 0.0327075789

t2 = 2.4300000000
dvdt[73] = 0.0207384548
delta_x = 0.0680000000
delta_t = 0.1700000000

!!!!!!!! Propagation velocity = 400.000000 cm/s !!!!!!!!!!

=============================================================



[!] Propagation velocity! Id = 109
t1 = 2.9600000000
dvdt[99] = 0.0106045200

t2 = 3.1800000000
dvdt[109] = 0.0080169622
delta_x = 0.0680002360
delta_t = 0.2200000000

!!!!!!!! Propagation velocity = 309.091982 cm/s !!!!!!!!!!

=============================================================



[!] Propagation velocity! Id = 182
t1 = 2.9600000000
dvdt[172] = 0.0106045200

t2 = 3.1800000000
dvdt[182] = 0.0080169622
delta_x = 0.0680002360
delta_t = 0.2200000000

!!!!!!!! Propagation velocity = 309.091982 cm/s !!!!!!!!!!

=============================================================



[!] Propagation velocity! Id = 146
t1 = 3.5700000000
dvdt[136] = 0.0022452858

t2 = 5.8700000000
dvdt[146] = 0.0003394273
delta_x = 0.0680002360
delta_t = 2.3000000000

!!!!!!!! Propagation velocity = 29.565320 cm/s !!!!!!!!!!

=============================================================



[!] Propagation velocity! Id = 219
t1 = 3.5700000000
dvdt[209] = 0.0022452858

t2 = 5.8700000000
dvdt[219] = 0.0003394273
delta_x = 0.0680002360
delta_t = 2.3000000000

!!!!!!!! Propagation velocity = 29.565320 cm/s !!!!!!!!!!

=============================================================

