

[!] Propagation velocity! Id = 25
t1 = 2.4100000000
dvdt[15] = 1.3592417071

t2 = 2.7500000000
dvdt[25] = 1.3954059231
delta_x = 0.1000000000
delta_t = 0.3400000000

!!!!!!!! Propagation velocity = 294.117647 cm/s !!!!!!!!!!

=============================================================



[!] Propagation velocity! Id = 50
t1 = 3.3200000000
dvdt[40] = 1.2783263194

t2 = 4.0700000000
dvdt[50] = 1.0486116972
delta_x = 0.1000000000
delta_t = 0.7500000000

!!!!!!!! Propagation velocity = 133.333333 cm/s !!!!!!!!!!

=============================================================



[!] Propagation velocity! Id = 75
t1 = 4.5600000000
dvdt[65] = 1.4244619588

t2 = 4.9400000000
dvdt[75] = 1.4014322512
delta_x = 0.0999995320
delta_t = 0.3800000000

!!!!!!!! Propagation velocity = 263.156663 cm/s !!!!!!!!!!

=============================================================



[!] Propagation velocity! Id = 125
t1 = 4.6000000000
dvdt[115] = 1.4248068540

t2 = 4.9800000000
dvdt[125] = 1.3944800236
delta_x = 0.1000003981
delta_t = 0.3800000000

!!!!!!!! Propagation velocity = 263.158942 cm/s !!!!!!!!!!

=============================================================



[!] Propagation velocity! Id = 99
t1 = 5.5100000000
dvdt[89] = 0.9683140064

t2 = 5.9900000000
dvdt[99] = 0.0140468222
delta_x = 0.0999995320
delta_t = 0.4800000000

!!!!!!!! Propagation velocity = 208.332358 cm/s !!!!!!!!!!

=============================================================



[!] Propagation velocity! Id = 148
t1 = 5.5100000000
dvdt[138] = 0.9683140064

t2 = 5.9900000000
dvdt[148] = 0.0140468222
delta_x = 0.0999995320
delta_t = 0.4800000000

!!!!!!!! Propagation velocity = 208.332358 cm/s !!!!!!!!!!

=============================================================

