

[!] Propagation velocity! Id = 59
t1 = 4.8100000000
dvdt[54] = 3.5418331449

t2 = 5.2000000000
dvdt[59] = 3.5446976915
delta_x = 0.0820000000
delta_t = 0.3900000000

!!!!!!!! Propagation velocity = 210.256410 cm/s !!!!!!!!!!

=============================================================



[!] Propagation velocity! Id = 119
t1 = 9.4800000000
dvdt[114] = 3.5498451687

t2 = 9.8700000000
dvdt[119] = 3.5534940527
delta_x = 0.0820000000
delta_t = 0.3900000000

!!!!!!!! Propagation velocity = 210.256410 cm/s !!!!!!!!!!

=============================================================



[!] Propagation velocity! Id = 178
t1 = 14.0600000000
dvdt[173] = 3.5568381002

t2 = 14.4400000000
dvdt[178] = 3.5607670621
delta_x = 0.0820000000
delta_t = 0.3800000000

!!!!!!!! Propagation velocity = 215.789474 cm/s !!!!!!!!!!

=============================================================



[!] Propagation velocity! Id = 242
t1 = 18.9800000000
dvdt[237] = 3.4325498169

t2 = 19.4200000000
dvdt[242] = 0.0768131708
delta_x = 0.0820000000
delta_t = 0.4400000000

!!!!!!!! Propagation velocity = 186.363636 cm/s !!!!!!!!!!

=============================================================

