

[!] Propagation velocity! Id = 200
t1 = 12.9400000000
dvdt[190] = 1.4462416150

t2 = 13.5600000000
dvdt[200] = 1.4462703461
delta_x = 0.1640000000
delta_t = 0.6200000000

!!!!!!!! Propagation velocity = 264.516129 cm/s !!!!!!!!!!

=============================================================



[!] Propagation velocity! Id = 304
t1 = 19.4400000000
dvdt[294] = 1.3976322151

t2 = 20.4500000000
dvdt[304] = 1.0350079844
delta_x = 0.1640000000
delta_t = 1.0100000000

!!!!!!!! Propagation velocity = 162.376238 cm/s !!!!!!!!!!

=============================================================



[!] Propagation velocity! Id = 450
t1 = 28.8200000000
dvdt[440] = 1.4359930611

t2 = 29.4400000000
dvdt[450] = 1.4349395735
delta_x = 0.1639998561
delta_t = 0.6200000000

!!!!!!!! Propagation velocity = 264.515897 cm/s !!!!!!!!!!

=============================================================



[!] Propagation velocity! Id = 758
t1 = 29.0700000000
dvdt[748] = 1.4356676286

t2 = 29.6900000000
dvdt[758] = 1.4346564168
delta_x = 0.1639998561
delta_t = 0.6200000000

!!!!!!!! Propagation velocity = 264.515897 cm/s !!!!!!!!!!

=============================================================



[!] Propagation velocity! Id = 608
t1 = 38.6800000000
dvdt[598] = 1.2996297383

t2 = 39.4300000000
dvdt[608] = 0.0229641041
delta_x = 0.1639998561
delta_t = 0.7500000000

!!!!!!!! Propagation velocity = 218.666475 cm/s !!!!!!!!!!

=============================================================



[!] Propagation velocity! Id = 912
t1 = 38.6800000000
dvdt[902] = 1.2996297383

t2 = 39.4300000000
dvdt[912] = 0.0229641041
delta_x = 0.1639998561
delta_t = 0.7500000000

!!!!!!!! Propagation velocity = 218.666475 cm/s !!!!!!!!!!

=============================================================

