

[!] Propagation velocity! Id = 14
t1 = 1.0600000000
dvdt[4] = 4.1242091027

t2 = 1.6100000000
dvdt[14] = 3.6097369038
delta_x = 0.1640000000
delta_t = 0.5500000000

!!!!!!!! Propagation velocity = 298.181818 cm/s !!!!!!!!!!

=============================================================



[!] Propagation velocity! Id = 29
t1 = 1.9000000000
dvdt[19] = 3.5740181260

t2 = 2.5000000000
dvdt[29] = 3.5480014880
delta_x = 0.1640000000
delta_t = 0.6000000000

!!!!!!!! Propagation velocity = 273.333333 cm/s !!!!!!!!!!

=============================================================



[!] Propagation velocity! Id = 43
t1 = 2.7400000000
dvdt[33] = 3.5429350767

t2 = 3.3400000000
dvdt[43] = 3.5278120007
delta_x = 0.1640000000
delta_t = 0.6000000000

!!!!!!!! Propagation velocity = 273.333333 cm/s !!!!!!!!!!

=============================================================



[!] Propagation velocity! Id = 58
t1 = 3.6500000000
dvdt[48] = 3.5309885913

t2 = 4.2600000000
dvdt[58] = 1.3424023191
delta_x = 0.1640000000
delta_t = 0.6100000000

!!!!!!!! Propagation velocity = 268.852459 cm/s !!!!!!!!!!

=============================================================

