

[!] Propagation velocity! Id = 148
t1 = 9.6900000000
dvdt[138] = 1.4468951773

t2 = 10.3100000000
dvdt[148] = 1.4472247864
delta_x = 0.1640000000
delta_t = 0.6200000000

!!!!!!!! Propagation velocity = 264.516129 cm/s !!!!!!!!!!

=============================================================



[!] Propagation velocity! Id = 297
t1 = 19.0100000000
dvdt[287] = 1.4473473031

t2 = 19.6400000000
dvdt[297] = 1.4472548724
delta_x = 0.1640000000
delta_t = 0.6300000000

!!!!!!!! Propagation velocity = 260.317460 cm/s !!!!!!!!!!

=============================================================



[!] Propagation velocity! Id = 445
t1 = 28.2800000000
dvdt[435] = 1.4484899439

t2 = 28.9100000000
dvdt[445] = 1.4484197631
delta_x = 0.1640000000
delta_t = 0.6300000000

!!!!!!!! Propagation velocity = 260.317460 cm/s !!!!!!!!!!

=============================================================



[!] Propagation velocity! Id = 608
t1 = 38.5700000000
dvdt[598] = 1.3173735068

t2 = 60.0200000000
dvdt[608] = 0.5774889219
delta_x = 0.1640000000
delta_t = 21.4500000000

!!!!!!!! Propagation velocity = 7.645688 cm/s !!!!!!!!!!

=============================================================

