

[!] Propagation velocity! Id = 59
t1 = 4.1200000000
dvdt[49] = 1.4475013605

t2 = 4.7400000000
dvdt[59] = 1.4477926919
delta_x = 0.1640000000
delta_t = 0.6200000000

!!!!!!!! Propagation velocity = 264.516129 cm/s !!!!!!!!!!

=============================================================



[!] Propagation velocity! Id = 119
t1 = 7.8700000000
dvdt[109] = 1.4480562882

t2 = 8.5000000000
dvdt[119] = 1.4483403604
delta_x = 0.1640000000
delta_t = 0.6300000000

!!!!!!!! Propagation velocity = 260.317460 cm/s !!!!!!!!!!

=============================================================



[!] Propagation velocity! Id = 178
t1 = 11.5700000000
dvdt[168] = 1.4505277158

t2 = 12.2000000000
dvdt[178] = 1.4515851184
delta_x = 0.1640000000
delta_t = 0.6300000000

!!!!!!!! Propagation velocity = 260.317460 cm/s !!!!!!!!!!

=============================================================



[!] Propagation velocity! Id = 242
t1 = 15.6400000000
dvdt[232] = 1.3199929772

t2 = 21.8500000000
dvdt[242] = 1.3919347962
delta_x = 0.1640000000
delta_t = 6.2100000000

!!!!!!!! Propagation velocity = 26.409018 cm/s !!!!!!!!!!

=============================================================

