

[!] Propagation velocity! Id = 147
t1 = 4.6900000000
dvdt[137] = 0.0083770336

t2 = 5.1600000000
dvdt[147] = 0.0069914690
delta_x = 0.0680000000
delta_t = 0.4700000000

!!!!!!!! Propagation velocity = 144.680851 cm/s !!!!!!!!!!

=============================================================



[!] Propagation velocity! Id = 294
t1 = 12.6600000000
dvdt[284] = 0.0008288792

t2 = 13.6900000000
dvdt[294] = 0.0006816665
delta_x = 0.0680000000
delta_t = 1.0300000000

!!!!!!!! Propagation velocity = 66.019417 cm/s !!!!!!!!!!

=============================================================



[!] Propagation velocity! Id = 441
t1 = 22.2600000000
dvdt[431] = 0.0002411961

t2 = 22.8500000000
dvdt[441] = 0.0002282539
delta_x = 0.0680002360
delta_t = 0.5900000000

!!!!!!!! Propagation velocity = 115.254637 cm/s !!!!!!!!!!

=============================================================



[!] Propagation velocity! Id = 735
t1 = 22.2600000000
dvdt[725] = 0.0002411961

t2 = 22.8500000000
dvdt[735] = 0.0002282539
delta_x = 0.0680002360
delta_t = 0.5900000000

!!!!!!!! Propagation velocity = 115.254637 cm/s !!!!!!!!!!

=============================================================



[!] Propagation velocity! Id = 588
t1 = 0.0100000000
dvdt[578] = 0.0001219444

t2 = 0.0100000000
dvdt[588] = 0.0001194121
delta_x = 0.0680002360
delta_t = 0.0000000000

!!!!!!!! Propagation velocity = inf cm/s !!!!!!!!!!

=============================================================



[!] Propagation velocity! Id = 882
t1 = 0.0100000000
dvdt[872] = 0.0001219444

t2 = 0.0100000000
dvdt[882] = 0.0001194121
delta_x = 0.0680002360
delta_t = 0.0000000000

!!!!!!!! Propagation velocity = inf cm/s !!!!!!!!!!

=============================================================

