

[!] Propagation velocity! Id = 100
t1 = 5.1000000000
dvdt[90] = 1.4256864348

t2 = 5.4800000000
dvdt[100] = 1.4254306359
delta_x = 0.1000000000
delta_t = 0.3800000000

!!!!!!!! Propagation velocity = 263.157895 cm/s !!!!!!!!!!

=============================================================



[!] Propagation velocity! Id = 200
t1 = 8.8900000000
dvdt[190] = 1.2741939662

t2 = 9.6400000000
dvdt[200] = 1.0356842957
delta_x = 0.1000000000
delta_t = 0.7500000000

!!!!!!!! Propagation velocity = 133.333333 cm/s !!!!!!!!!!

=============================================================



[!] Propagation velocity! Id = 300
t1 = 12.9300000000
dvdt[290] = 1.4241206278

t2 = 13.3100000000
dvdt[300] = 1.4253616454
delta_x = 0.0999995320
delta_t = 0.3800000000

!!!!!!!! Propagation velocity = 263.156663 cm/s !!!!!!!!!!

=============================================================



[!] Propagation velocity! Id = 500
t1 = 12.9300000000
dvdt[490] = 1.4241206278

t2 = 13.3100000000
dvdt[500] = 1.4253616454
delta_x = 0.0999995320
delta_t = 0.3800000000

!!!!!!!! Propagation velocity = 263.156663 cm/s !!!!!!!!!!

=============================================================



[!] Propagation velocity! Id = 400
t1 = 16.7900000000
dvdt[390] = 0.9745239412

t2 = 82.2100000000
dvdt[400] = 0.2370739715
delta_x = 0.1000003981
delta_t = 65.4200000000

!!!!!!!! Propagation velocity = 1.528591 cm/s !!!!!!!!!!

=============================================================



[!] Propagation velocity! Id = 600
t1 = 16.7900000000
dvdt[590] = 0.9745239412

t2 = 82.2100000000
dvdt[600] = 0.2370739715
delta_x = 0.1000003981
delta_t = 65.4200000000

!!!!!!!! Propagation velocity = 1.528591 cm/s !!!!!!!!!!

=============================================================

