

[!] Propagation velocity! Id = 25
t1 = 2.0100000000
dvdt[15] = 1.4559251815

t2 = 2.7700000000
dvdt[25] = 1.4516037058
delta_x = 0.2000000000
delta_t = 0.7600000000

!!!!!!!! Propagation velocity = 263.157895 cm/s !!!!!!!!!!

=============================================================



[!] Propagation velocity! Id = 50
t1 = 3.9200000000
dvdt[40] = 1.4525607987

t2 = 4.6900000000
dvdt[50] = 1.4536095928
delta_x = 0.2000000000
delta_t = 0.7700000000

!!!!!!!! Propagation velocity = 259.740260 cm/s !!!!!!!!!!

=============================================================



[!] Propagation velocity! Id = 75
t1 = 5.8400000000
dvdt[65] = 1.4555424205

t2 = 6.6200000000
dvdt[75] = 1.4574296688
delta_x = 0.2000000000
delta_t = 0.7800000000

!!!!!!!! Propagation velocity = 256.410256 cm/s !!!!!!!!!!

=============================================================



[!] Propagation velocity! Id = 100
t1 = 7.7900000000
dvdt[90] = 1.3903725953

t2 = 12.8100000000
dvdt[100] = 1.5173425545
delta_x = 0.2000000000
delta_t = 5.0200000000

!!!!!!!! Propagation velocity = 39.840637 cm/s !!!!!!!!!!

=============================================================

