

[!] Propagation velocity! Id = 59
t1 = 3.6400000000
dvdt[54] = 3.4932542135

t2 = 3.8900000000
dvdt[59] = 3.4968888106
delta_x = 0.0820000000
delta_t = 0.2500000000

!!!!!!!! Propagation velocity = 328.000000 cm/s !!!!!!!!!!

=============================================================



[!] Propagation velocity! Id = 119
t1 = 6.5500000000
dvdt[114] = 3.4973641722

t2 = 6.7900000000
dvdt[119] = 3.4948588245
delta_x = 0.0820000000
delta_t = 0.2400000000

!!!!!!!! Propagation velocity = 341.666667 cm/s !!!!!!!!!!

=============================================================



[!] Propagation velocity! Id = 178
t1 = 9.4100000000
dvdt[173] = 3.4959340450

t2 = 9.6500000000
dvdt[178] = 3.4935565794
delta_x = 0.0820000000
delta_t = 0.2400000000

!!!!!!!! Propagation velocity = 341.666667 cm/s !!!!!!!!!!

=============================================================



[!] Propagation velocity! Id = 242
t1 = 12.5400000000
dvdt[237] = 2.9010753860

t2 = 18.3300000000
dvdt[242] = 3.9644036125
delta_x = 0.0820000000
delta_t = 5.7900000000

!!!!!!!! Propagation velocity = 14.162349 cm/s !!!!!!!!!!

=============================================================

