

[!] Propagation velocity! Id = 50
t1 = 3.9100000000
dvdt[40] = 1.4497436340

t2 = 4.6800000000
dvdt[50] = 1.4498752735
delta_x = 0.2000000000
delta_t = 0.7700000000

!!!!!!!! Propagation velocity = 259.740260 cm/s !!!!!!!!!!

=============================================================



[!] Propagation velocity! Id = 100
t1 = 7.7400000000
dvdt[90] = 1.4264816757

t2 = 8.8900000000
dvdt[100] = 1.0301640587
delta_x = 0.2000000000
delta_t = 1.1500000000

!!!!!!!! Propagation velocity = 173.913043 cm/s !!!!!!!!!!

=============================================================



[!] Propagation velocity! Id = 150
t1 = 11.8600000000
dvdt[140] = 1.4529918397

t2 = 12.6300000000
dvdt[150] = 1.4541467410
delta_x = 0.1999999301
delta_t = 0.7700000000

!!!!!!!! Propagation velocity = 259.740169 cm/s !!!!!!!!!!

=============================================================



[!] Propagation velocity! Id = 250
t1 = 11.8600000000
dvdt[240] = 1.4529918397

t2 = 12.6300000000
dvdt[250] = 1.4541467410
delta_x = 0.1999999301
delta_t = 0.7700000000

!!!!!!!! Propagation velocity = 259.740169 cm/s !!!!!!!!!!

=============================================================



[!] Propagation velocity! Id = 200
t1 = 15.7300000000
dvdt[190] = 1.3877050854

t2 = 30.4800000000
dvdt[200] = 0.8593076594
delta_x = 0.1999999301
delta_t = 14.7500000000

!!!!!!!! Propagation velocity = 13.559317 cm/s !!!!!!!!!!

=============================================================



[!] Propagation velocity! Id = 300
t1 = 15.7300000000
dvdt[290] = 1.3877050854

t2 = 30.4800000000
dvdt[300] = 0.8593076594
delta_x = 0.1999999301
delta_t = 14.7500000000

!!!!!!!! Propagation velocity = 13.559317 cm/s !!!!!!!!!!

=============================================================

