

[!] Propagation velocity! Id = 30
t1 = 2.2900000000
dvdt[25] = 3.5328153651

t2 = 2.5800000000
dvdt[30] = 3.5186444735
delta_x = 0.0820000000
delta_t = 0.2900000000

!!!!!!!! Propagation velocity = 282.758621 cm/s !!!!!!!!!!

=============================================================



[!] Propagation velocity! Id = 60
t1 = 4.1300000000
dvdt[55] = 3.5207095328

t2 = 4.4400000000
dvdt[60] = 3.5161313884
delta_x = 0.0819999280
delta_t = 0.3100000000

!!!!!!!! Propagation velocity = 264.515897 cm/s !!!!!!!!!!

=============================================================



[!] Propagation velocity! Id = 180
t1 = 4.1300000000
dvdt[175] = 3.5207095328

t2 = 4.4400000000
dvdt[180] = 3.5161313884
delta_x = 0.0819999280
delta_t = 0.3100000000

!!!!!!!! Propagation velocity = 264.515897 cm/s !!!!!!!!!!

=============================================================



[!] Propagation velocity! Id = 100
t1 = 6.6900000000
dvdt[95] = 3.5154627122

t2 = 7.0100000000
dvdt[100] = 3.5229521880
delta_x = 0.0820000000
delta_t = 0.3200000000

!!!!!!!! Propagation velocity = 256.250000 cm/s !!!!!!!!!!

=============================================================



[!] Propagation velocity! Id = 140
t1 = 6.6900000000
dvdt[135] = 3.5154627122

t2 = 7.0100000000
dvdt[140] = 3.5229521880
delta_x = 0.0819999280
delta_t = 0.3200000000

!!!!!!!! Propagation velocity = 256.249775 cm/s !!!!!!!!!!

=============================================================



[!] Propagation velocity! Id = 220
t1 = 6.6900000000
dvdt[215] = 3.5154627122

t2 = 7.0100000000
dvdt[220] = 3.5229521880
delta_x = 0.0819999280
delta_t = 0.3200000000

!!!!!!!! Propagation velocity = 256.249775 cm/s !!!!!!!!!!

=============================================================



[!] Propagation velocity! Id = 260
t1 = 6.6900000000
dvdt[255] = 3.5154627122

t2 = 7.0100000000
dvdt[260] = 3.5229521880
delta_x = 0.0820000000
delta_t = 0.3200000000

!!!!!!!! Propagation velocity = 256.250000 cm/s !!!!!!!!!!

=============================================================



[!] Propagation velocity! Id = 120
t1 = 8.0000000000
dvdt[115] = 3.2643822360

t2 = 15.2400000000
dvdt[120] = 3.7801245026
delta_x = 0.0820000000
delta_t = 7.2400000000

!!!!!!!! Propagation velocity = 11.325967 cm/s !!!!!!!!!!

=============================================================



[!] Propagation velocity! Id = 160
t1 = 8.0000000000
dvdt[155] = 3.2643822360

t2 = 15.2400000000
dvdt[160] = 3.7801245026
delta_x = 0.0819999280
delta_t = 7.2400000000

!!!!!!!! Propagation velocity = 11.325957 cm/s !!!!!!!!!!

=============================================================



[!] Propagation velocity! Id = 240
t1 = 8.0000000000
dvdt[235] = 3.2643822360

t2 = 15.2400000000
dvdt[240] = 3.7801245026
delta_x = 0.0819999280
delta_t = 7.2400000000

!!!!!!!! Propagation velocity = 11.325957 cm/s !!!!!!!!!!

=============================================================



[!] Propagation velocity! Id = 280
t1 = 8.0000000000
dvdt[275] = 3.2643822360

t2 = 15.2400000000
dvdt[280] = 3.7801245026
delta_x = 0.0820000000
delta_t = 7.2400000000

!!!!!!!! Propagation velocity = 11.325967 cm/s !!!!!!!!!!

=============================================================

