

[!] Propagation velocity! Id = 59
t1 = 3.6200000000
dvdt[54] = 3.4972169961

t2 = 3.8500000000
dvdt[59] = 3.4930555622
delta_x = 0.0820000000
delta_t = 0.2300000000

!!!!!!!! Propagation velocity = 356.521739 cm/s !!!!!!!!!!

=============================================================



[!] Propagation velocity! Id = 119
t1 = 6.4600000000
dvdt[114] = 3.4950295228

t2 = 6.7000000000
dvdt[119] = 3.4947251642
delta_x = 0.0820000000
delta_t = 0.2400000000

!!!!!!!! Propagation velocity = 341.666667 cm/s !!!!!!!!!!

=============================================================



[!] Propagation velocity! Id = 178
t1 = 9.2600000000
dvdt[173] = 3.4934498002

t2 = 9.5000000000
dvdt[178] = 3.4935401580
delta_x = 0.0820000000
delta_t = 0.2400000000

!!!!!!!! Propagation velocity = 341.666667 cm/s !!!!!!!!!!

=============================================================



[!] Propagation velocity! Id = 242
t1 = 12.3200000000
dvdt[237] = 2.8788672541

t2 = 16.7700000000
dvdt[242] = 4.1614422649
delta_x = 0.0820000000
delta_t = 4.4500000000

!!!!!!!! Propagation velocity = 18.426966 cm/s !!!!!!!!!!

=============================================================

