

[!] Propagation velocity! Id = 25
t1 = 2.6500000000
dvdt[15] = 3.6756606726

t2 = 2.8700000000
dvdt[25] = 3.6021383277
delta_x = 0.1000000000
delta_t = 0.2200000000

!!!!!!!! Propagation velocity = 454.545455 cm/s !!!!!!!!!!

=============================================================



[!] Propagation velocity! Id = 50
t1 = 3.2500000000
dvdt[40] = 3.3905237611

t2 = 3.6500000000
dvdt[50] = 2.0369088727
delta_x = 0.1000000000
delta_t = 0.4000000000

!!!!!!!! Propagation velocity = 250.000000 cm/s !!!!!!!!!!

=============================================================



[!] Propagation velocity! Id = 75
t1 = 4.0300000000
dvdt[65] = 3.4974034421

t2 = 4.2900000000
dvdt[75] = 3.4929708195
delta_x = 0.0999995320
delta_t = 0.2600000000

!!!!!!!! Propagation velocity = 384.613585 cm/s !!!!!!!!!!

=============================================================



[!] Propagation velocity! Id = 100
t1 = 4.6900000000
dvdt[90] = 2.8770712129

t2 = 3.6900000000
dvdt[100] = 2.3617705561
delta_x = 0.4099996402
delta_t = -1.0000000000

!!!!!!!! Propagation velocity = 0.000000 cm/s !!!!!!!!!!

=============================================================



[!] Propagation velocity! Id = 125
t1 = 4.0600000000
dvdt[115] = 3.5027323110

t2 = 4.3100000000
dvdt[125] = 3.4850625770
delta_x = 0.1000003981
delta_t = 0.2500000000

!!!!!!!! Propagation velocity = 400.001592 cm/s !!!!!!!!!!

=============================================================



[!] Propagation velocity! Id = 150
t1 = 4.7300000000
dvdt[140] = 2.6731889760

t2 = 5.0300000000
dvdt[150] = 0.1028666864
delta_x = 2.0799999720
delta_t = 0.3000000000

!!!!!!!! Propagation velocity = 6933.333240 cm/s !!!!!!!!!!

=============================================================

