

[!] Propagation velocity! Id = 200
t1 = 12.9400000000
dvdt[190] = 1.4473720842

t2 = 13.5700000000
dvdt[200] = 1.4471957523
delta_x = 0.1640000000
delta_t = 0.6300000000

!!!!!!!! Propagation velocity = 260.317460 cm/s !!!!!!!!!!

=============================================================



[!] Propagation velocity! Id = 304
t1 = 19.4600000000
dvdt[294] = 1.4011714407

t2 = 20.4700000000
dvdt[304] = 1.0376175505
delta_x = 0.1640000000
delta_t = 1.0100000000

!!!!!!!! Propagation velocity = 162.376238 cm/s !!!!!!!!!!

=============================================================



[!] Propagation velocity! Id = 450
t1 = 28.8900000000
dvdt[440] = 1.4488567183

t2 = 29.5100000000
dvdt[450] = 1.4488493231
delta_x = 0.1639998561
delta_t = 0.6200000000

!!!!!!!! Propagation velocity = 264.515897 cm/s !!!!!!!!!!

=============================================================



[!] Propagation velocity! Id = 758
t1 = 29.1400000000
dvdt[748] = 1.4489764450

t2 = 29.7700000000
dvdt[758] = 1.4488896102
delta_x = 0.1639998561
delta_t = 0.6300000000

!!!!!!!! Propagation velocity = 260.317232 cm/s !!!!!!!!!!

=============================================================



[!] Propagation velocity! Id = 608
t1 = 38.8700000000
dvdt[598] = 1.3153649099

t2 = 68.8700000000
dvdt[608] = 0.3383238561
delta_x = 0.1639998561
delta_t = 30.0000000000

!!!!!!!! Propagation velocity = 5.466662 cm/s !!!!!!!!!!

=============================================================



[!] Propagation velocity! Id = 912
t1 = 38.8700000000
dvdt[902] = 1.3153649099

t2 = 68.8700000000
dvdt[912] = 0.3383238561
delta_x = 0.1639998561
delta_t = 30.0000000000

!!!!!!!! Propagation velocity = 5.466662 cm/s !!!!!!!!!!

=============================================================

