

[!] Propagation velocity! Id = 25
t1 = 2.5700000000
dvdt[15] = 1.3680561278

t2 = 2.9100000000
dvdt[25] = 1.4103028298
delta_x = 0.1000000000
delta_t = 0.3400000000

!!!!!!!! Propagation velocity = 294.117647 cm/s !!!!!!!!!!

=============================================================



[!] Propagation velocity! Id = 50
t1 = 3.4900000000
dvdt[40] = 1.2935110274

t2 = 4.2500000000
dvdt[50] = 1.0594021367
delta_x = 0.1000000000
delta_t = 0.7600000000

!!!!!!!! Propagation velocity = 131.578947 cm/s !!!!!!!!!!

=============================================================



[!] Propagation velocity! Id = 75
t1 = 4.7400000000
dvdt[65] = 1.4415717647

t2 = 5.1300000000
dvdt[75] = 1.4180661085
delta_x = 0.0999995320
delta_t = 0.3900000000

!!!!!!!! Propagation velocity = 256.409057 cm/s !!!!!!!!!!

=============================================================



[!] Propagation velocity! Id = 125
t1 = 4.7800000000
dvdt[115] = 1.4419261095

t2 = 5.1700000000
dvdt[125] = 1.4112162650
delta_x = 0.1000003981
delta_t = 0.3900000000

!!!!!!!! Propagation velocity = 256.411277 cm/s !!!!!!!!!!

=============================================================



[!] Propagation velocity! Id = 99
t1 = 5.7100000000
dvdt[89] = 0.9985791769

t2 = 17.9100000000
dvdt[99] = 0.9513850392
delta_x = 0.0999995320
delta_t = 12.2000000000

!!!!!!!! Propagation velocity = 8.196683 cm/s !!!!!!!!!!

=============================================================



[!] Propagation velocity! Id = 148
t1 = 5.7100000000
dvdt[138] = 0.9985791769

t2 = 17.9100000000
dvdt[148] = 0.9513850391
delta_x = 0.0999995320
delta_t = 12.2000000000

!!!!!!!! Propagation velocity = 8.196683 cm/s !!!!!!!!!!

=============================================================

