

[!] Propagation velocity! Id = 59
t1 = 4.1300000000
dvdt[54] = 3.5176879319

t2 = 4.4400000000
dvdt[59] = 3.5150554906
delta_x = 0.0820000000
delta_t = 0.3100000000

!!!!!!!! Propagation velocity = 264.516129 cm/s !!!!!!!!!!

=============================================================



[!] Propagation velocity! Id = 119
t1 = 7.8600000000
dvdt[114] = 3.5152228414

t2 = 8.1700000000
dvdt[119] = 3.5122979042
delta_x = 0.0820000000
delta_t = 0.3100000000

!!!!!!!! Propagation velocity = 264.516129 cm/s !!!!!!!!!!

=============================================================



[!] Propagation velocity! Id = 178
t1 = 11.5300000000
dvdt[173] = 3.5207851551

t2 = 11.8400000000
dvdt[178] = 3.5197913014
delta_x = 0.0820000000
delta_t = 0.3100000000

!!!!!!!! Propagation velocity = 264.516129 cm/s !!!!!!!!!!

=============================================================



[!] Propagation velocity! Id = 242
t1 = 15.5200000000
dvdt[237] = 3.2152403797

t2 = 64.5600000000
dvdt[242] = 0.9651390580
delta_x = 0.0820000000
delta_t = 49.0400000000

!!!!!!!! Propagation velocity = 1.672104 cm/s !!!!!!!!!!

=============================================================

