

[!] Propagation velocity! Id = 59
t1 = 3.9100000000
dvdt[54] = 3.5112117395

t2 = 4.1900000000
dvdt[59] = 3.5093346546
delta_x = 0.0820000000
delta_t = 0.2800000000

!!!!!!!! Propagation velocity = 292.857143 cm/s !!!!!!!!!!

=============================================================



[!] Propagation velocity! Id = 119
t1 = 7.2900000000
dvdt[114] = 3.5010990208

t2 = 7.5800000000
dvdt[119] = 3.5059074936
delta_x = 0.0820000000
delta_t = 0.2900000000

!!!!!!!! Propagation velocity = 282.758621 cm/s !!!!!!!!!!

=============================================================



[!] Propagation velocity! Id = 178
t1 = 10.6300000000
dvdt[173] = 3.5024169261

t2 = 10.9100000000
dvdt[178] = 3.5072605584
delta_x = 0.0820000000
delta_t = 0.2800000000

!!!!!!!! Propagation velocity = 292.857143 cm/s !!!!!!!!!!

=============================================================



[!] Propagation velocity! Id = 242
t1 = 14.2600000000
dvdt[237] = 3.1060000496

t2 = 20.9400000000
dvdt[242] = 3.8493693997
delta_x = 0.0820000000
delta_t = 6.6800000000

!!!!!!!! Propagation velocity = 12.275449 cm/s !!!!!!!!!!

=============================================================

