

[!] Propagation velocity! Id = 73
t1 = 2.3100000000
dvdt[63] = 0.0421256985

t2 = 2.4800000000
dvdt[73] = 0.0327661640
delta_x = 0.0680000000
delta_t = 0.1700000000

!!!!!!!! Propagation velocity = 400.000000 cm/s !!!!!!!!!!

=============================================================



[!] Propagation velocity! Id = 147
t1 = 4.2900000000
dvdt[137] = 0.0062168345

t2 = 4.9100000000
dvdt[147] = 0.0043391650
delta_x = 0.0680000000
delta_t = 0.6200000000

!!!!!!!! Propagation velocity = 109.677419 cm/s !!!!!!!!!!

=============================================================



[!] Propagation velocity! Id = 220
t1 = 7.8600000000
dvdt[210] = 0.0015167695

t2 = 8.2900000000
dvdt[220] = 0.0012964020
delta_x = 0.0680002360
delta_t = 0.4300000000

!!!!!!!! Propagation velocity = 158.140084 cm/s !!!!!!!!!!

=============================================================



[!] Propagation velocity! Id = 367
t1 = 7.8600000000
dvdt[357] = 0.0015167695

t2 = 8.2900000000
dvdt[367] = 0.0012964020
delta_x = 0.0680002360
delta_t = 0.4300000000

!!!!!!!! Propagation velocity = 158.140084 cm/s !!!!!!!!!!

=============================================================



[!] Propagation velocity! Id = 294
t1 = 10.1800000000
dvdt[284] = 0.0002715027

t2 = 14.7200000000
dvdt[294] = 0.0001456766
delta_x = 0.0680002360
delta_t = 4.5400000000

!!!!!!!! Propagation velocity = 14.978026 cm/s !!!!!!!!!!

=============================================================



[!] Propagation velocity! Id = 441
t1 = 10.1800000000
dvdt[431] = 0.0002715027

t2 = 14.7200000000
dvdt[441] = 0.0001456766
delta_x = 0.0680002360
delta_t = 4.5400000000

!!!!!!!! Propagation velocity = 14.978026 cm/s !!!!!!!!!!

=============================================================

