

[!] Propagation velocity! Id = 59
t1 = 5.1900000000
dvdt[54] = 1.4415259689

t2 = 5.6000000000
dvdt[59] = 1.4413988298
delta_x = 0.0820000000
delta_t = 0.4100000000

!!!!!!!! Propagation velocity = 200.000000 cm/s !!!!!!!!!!

=============================================================



[!] Propagation velocity! Id = 119
t1 = 10.0800000000
dvdt[114] = 1.4357895483

t2 = 10.4900000000
dvdt[119] = 1.4354508060
delta_x = 0.0820000000
delta_t = 0.4100000000

!!!!!!!! Propagation velocity = 200.000000 cm/s !!!!!!!!!!

=============================================================



[!] Propagation velocity! Id = 178
t1 = 14.8800000000
dvdt[173] = 1.4301221721

t2 = 15.2900000000
dvdt[178] = 1.4299539297
delta_x = 0.0820000000
delta_t = 0.4100000000

!!!!!!!! Propagation velocity = 200.000000 cm/s !!!!!!!!!!

=============================================================



[!] Propagation velocity! Id = 242
t1 = 20.1600000000
dvdt[237] = 1.0268787372

t2 = 20.9200000000
dvdt[242] = 0.0157396786
delta_x = 0.0820000000
delta_t = 0.7600000000

!!!!!!!! Propagation velocity = 107.894737 cm/s !!!!!!!!!!

=============================================================

