

[!] Propagation velocity! Id = 14
t1 = 1.2700000000
dvdt[4] = 3.8245785284

t2 = 1.6200000000
dvdt[14] = 3.6589237596
delta_x = 0.1640000000
delta_t = 0.3500000000

!!!!!!!! Propagation velocity = 468.571429 cm/s !!!!!!!!!!

=============================================================



[!] Propagation velocity! Id = 29
t1 = 1.8200000000
dvdt[19] = 3.5848426059

t2 = 2.2700000000
dvdt[29] = 2.2662523653
delta_x = 0.1640000000
delta_t = 0.4500000000

!!!!!!!! Propagation velocity = 364.444444 cm/s !!!!!!!!!!

=============================================================



[!] Propagation velocity! Id = 43
t1 = 2.5500000000
dvdt[33] = 3.1848335146

t2 = 2.9500000000
dvdt[43] = 3.5433455548
delta_x = 0.1640007221
delta_t = 0.4000000000

!!!!!!!! Propagation velocity = 410.001805 cm/s !!!!!!!!!!

=============================================================



[!] Propagation velocity! Id = 58
t1 = 3.1600000000
dvdt[48] = 3.5073281977

t2 = 3.5300000000
dvdt[58] = 1.0202692226
delta_x = 0.1639998561
delta_t = 0.3700000000

!!!!!!!! Propagation velocity = 443.242854 cm/s !!!!!!!!!!

=============================================================



[!] Propagation velocity! Id = 72
t1 = 2.5100000000
dvdt[62] = 2.9328634433

t2 = 2.9100000000
dvdt[72] = 3.5431149022
delta_x = 0.1639998561
delta_t = 0.4000000000

!!!!!!!! Propagation velocity = 409.999640 cm/s !!!!!!!!!!

=============================================================



[!] Propagation velocity! Id = 87
t1 = 3.1100000000
dvdt[77] = 3.5165112310

t2 = 3.5700000000
dvdt[87] = 1.6386031870
delta_x = 0.1639998561
delta_t = 0.4600000000

!!!!!!!! Propagation velocity = 356.521426 cm/s !!!!!!!!!!

=============================================================

