

[!] Propagation velocity! Id = 29
t1 = 2.2500000000
dvdt[19] = 1.4471885166

t2 = 2.8700000000
dvdt[29] = 1.4491470954
delta_x = 0.1640000000
delta_t = 0.6200000000

!!!!!!!! Propagation velocity = 264.516129 cm/s !!!!!!!!!!

=============================================================



[!] Propagation velocity! Id = 60
t1 = 4.2000000000
dvdt[50] = 1.4040031132

t2 = 5.2100000000
dvdt[60] = 1.0400717594
delta_x = 0.1640000000
delta_t = 1.0100000000

!!!!!!!! Propagation velocity = 162.376238 cm/s !!!!!!!!!!

=============================================================



[!] Propagation velocity! Id = 88
t1 = 6.2500000000
dvdt[78] = 1.4515044675

t2 = 6.8800000000
dvdt[88] = 1.4537431442
delta_x = 0.1639998561
delta_t = 0.6300000000

!!!!!!!! Propagation velocity = 260.317232 cm/s !!!!!!!!!!

=============================================================



[!] Propagation velocity! Id = 147
t1 = 6.1900000000
dvdt[137] = 1.4510785776

t2 = 6.8100000000
dvdt[147] = 1.4533189555
delta_x = 0.1639998561
delta_t = 0.6200000000

!!!!!!!! Propagation velocity = 264.515897 cm/s !!!!!!!!!!

=============================================================



[!] Propagation velocity! Id = 120
t1 = 8.2800000000
dvdt[110] = 1.3432811343

t2 = 10.1900000000
dvdt[120] = 1.8484798097
delta_x = 0.1639998561
delta_t = 1.9100000000

!!!!!!!! Propagation velocity = 85.863799 cm/s !!!!!!!!!!

=============================================================



[!] Propagation velocity! Id = 180
t1 = 8.2800000000
dvdt[170] = 1.3432811343

t2 = 10.1900000000
dvdt[180] = 1.8484798097
delta_x = 0.1639998561
delta_t = 1.9100000000

!!!!!!!! Propagation velocity = 85.863799 cm/s !!!!!!!!!!

=============================================================

