

[!] Propagation velocity! Id = 50
t1 = 3.1700000000
dvdt[40] = 1.4036710011

t2 = 3.5400000000
dvdt[50] = 1.4086025733
delta_x = 0.1000000000
delta_t = 0.3700000000

!!!!!!!! Propagation velocity = 270.270270 cm/s !!!!!!!!!!

=============================================================



[!] Propagation velocity! Id = 100
t1 = 5.0400000000
dvdt[90] = 1.4178787241

t2 = 5.4200000000
dvdt[100] = 1.4200834382
delta_x = 0.1000000000
delta_t = 0.3800000000

!!!!!!!! Propagation velocity = 263.157895 cm/s !!!!!!!!!!

=============================================================



[!] Propagation velocity! Id = 150
t1 = 6.9400000000
dvdt[140] = 1.4296552464

t2 = 7.3200000000
dvdt[150] = 1.4322725343
delta_x = 0.1000000000
delta_t = 0.3800000000

!!!!!!!! Propagation velocity = 263.157895 cm/s !!!!!!!!!!

=============================================================



[!] Propagation velocity! Id = 200
t1 = 8.9000000000
dvdt[190] = 0.9700332023

t2 = 9.3800000000
dvdt[200] = 0.0140487687
delta_x = 0.1000000000
delta_t = 0.4800000000

!!!!!!!! Propagation velocity = 208.333333 cm/s !!!!!!!!!!

=============================================================

