

[!] Propagation velocity! Id = 50
t1 = 3.4600000000
dvdt[45] = 3.5069084131

t2 = 3.7500000000
dvdt[50] = 3.5066822498
delta_x = 0.0820000000
delta_t = 0.2900000000

!!!!!!!! Propagation velocity = 282.758621 cm/s !!!!!!!!!!

=============================================================



[!] Propagation velocity! Id = 90
t1 = 5.9200000000
dvdt[85] = 3.5188940151

t2 = 6.2400000000
dvdt[90] = 3.5150162720
delta_x = 0.0819999280
delta_t = 0.3200000000

!!!!!!!! Propagation velocity = 256.249775 cm/s !!!!!!!!!!

=============================================================



[!] Propagation velocity! Id = 150
t1 = 5.9200000000
dvdt[145] = 3.5188940151

t2 = 6.2400000000
dvdt[150] = 3.5150162720
delta_x = 0.0819999280
delta_t = 0.3200000000

!!!!!!!! Propagation velocity = 256.249775 cm/s !!!!!!!!!!

=============================================================



[!] Propagation velocity! Id = 120
t1 = 7.8300000000
dvdt[115] = 3.2370093544

t2 = 12.7900000000
dvdt[120] = 4.1041352168
delta_x = 0.0819999280
delta_t = 4.9600000000

!!!!!!!! Propagation velocity = 16.532244 cm/s !!!!!!!!!!

=============================================================



[!] Propagation velocity! Id = 180
t1 = 7.8300000000
dvdt[175] = 3.2370093544

t2 = 12.7900000000
dvdt[180] = 4.1041352169
delta_x = 0.0819999280
delta_t = 4.9600000000

!!!!!!!! Propagation velocity = 16.532244 cm/s !!!!!!!!!!

=============================================================

