

[!] Propagation velocity! Id = 59
t1 = 4.2800000000
dvdt[54] = 3.5206491319

t2 = 4.6000000000
dvdt[59] = 3.5168396973
delta_x = 0.0820000000
delta_t = 0.3200000000

!!!!!!!! Propagation velocity = 256.250000 cm/s !!!!!!!!!!

=============================================================



[!] Propagation velocity! Id = 119
t1 = 8.2100000000
dvdt[114] = 3.5142858624

t2 = 8.5400000000
dvdt[119] = 3.5192439125
delta_x = 0.0820000000
delta_t = 0.3300000000

!!!!!!!! Propagation velocity = 248.484848 cm/s !!!!!!!!!!

=============================================================



[!] Propagation velocity! Id = 232
t1 = 15.6400000000
dvdt[227] = 3.5118294010

t2 = 15.9700000000
dvdt[232] = 3.5228396594
delta_x = 0.0820000000
delta_t = 0.3300000000

!!!!!!!! Propagation velocity = 248.484848 cm/s !!!!!!!!!!

=============================================================



[!] Propagation velocity! Id = 242
t1 = 16.3000000000
dvdt[237] = 3.7007710684

t2 = 16.5100000000
dvdt[242] = 6.5037898428
delta_x = 0.0820000000
delta_t = 0.2100000000

!!!!!!!! Propagation velocity = 390.476190 cm/s !!!!!!!!!!

=============================================================

