

[!] Propagation velocity! Id = 14
t1 = 1.1100000000
dvdt[4] = 4.1196111941

t2 = 1.6700000000
dvdt[14] = 3.5939920450
delta_x = 0.1640000000
delta_t = 0.5600000000

!!!!!!!! Propagation velocity = 292.857143 cm/s !!!!!!!!!!

=============================================================



[!] Propagation velocity! Id = 29
t1 = 1.9700000000
dvdt[19] = 3.5521009526

t2 = 2.5800000000
dvdt[29] = 3.5225973527
delta_x = 0.1640000000
delta_t = 0.6100000000

!!!!!!!! Propagation velocity = 268.852459 cm/s !!!!!!!!!!

=============================================================



[!] Propagation velocity! Id = 43
t1 = 2.8200000000
dvdt[33] = 3.5198453041

t2 = 3.4300000000
dvdt[43] = 3.5064822171
delta_x = 0.1640000000
delta_t = 0.6100000000

!!!!!!!! Propagation velocity = 268.852459 cm/s !!!!!!!!!!

=============================================================



[!] Propagation velocity! Id = 58
t1 = 3.7400000000
dvdt[48] = 3.5103379171

t2 = 8.5000000000
dvdt[58] = 2.5110057138
delta_x = 0.1640000000
delta_t = 4.7600000000

!!!!!!!! Propagation velocity = 34.453782 cm/s !!!!!!!!!!

=============================================================

