

[!] Propagation velocity! Id = 50
t1 = 3.4200000000
dvdt[40] = 1.4457437843

t2 = 3.7900000000
dvdt[50] = 1.4504411263
delta_x = 0.1000000000
delta_t = 0.3700000000

!!!!!!!! Propagation velocity = 270.270270 cm/s !!!!!!!!!!

=============================================================



[!] Propagation velocity! Id = 100
t1 = 5.3200000000
dvdt[90] = 1.4562383219

t2 = 5.7100000000
dvdt[100] = 1.4567579544
delta_x = 0.1000000000
delta_t = 0.3900000000

!!!!!!!! Propagation velocity = 256.410256 cm/s !!!!!!!!!!

=============================================================



[!] Propagation velocity! Id = 150
t1 = 7.2500000000
dvdt[140] = 1.4601098113

t2 = 7.6400000000
dvdt[150] = 1.4608544288
delta_x = 0.1000000000
delta_t = 0.3900000000

!!!!!!!! Propagation velocity = 256.410256 cm/s !!!!!!!!!!

=============================================================



[!] Propagation velocity! Id = 200
t1 = 9.2400000000
dvdt[190] = 0.9803202578

t2 = 9.8900000000
dvdt[200] = 0.0244590813
delta_x = 0.1000000000
delta_t = 0.6500000000

!!!!!!!! Propagation velocity = 153.846154 cm/s !!!!!!!!!!

=============================================================

