

[!] Propagation velocity! Id = 50
t1 = 3.9100000000
dvdt[40] = 1.4494177473

t2 = 4.6800000000
dvdt[50] = 1.4491811210
delta_x = 0.2000000000
delta_t = 0.7700000000

!!!!!!!! Propagation velocity = 259.740260 cm/s !!!!!!!!!!

=============================================================



[!] Propagation velocity! Id = 100
t1 = 7.7300000000
dvdt[90] = 1.4495536598

t2 = 8.5000000000
dvdt[100] = 1.4499987049
delta_x = 0.2000000000
delta_t = 0.7700000000

!!!!!!!! Propagation velocity = 259.740260 cm/s !!!!!!!!!!

=============================================================



[!] Propagation velocity! Id = 150
t1 = 11.5600000000
dvdt[140] = 1.4526002647

t2 = 12.3300000000
dvdt[150] = 1.4540175168
delta_x = 0.2000000000
delta_t = 0.7700000000

!!!!!!!! Propagation velocity = 259.740260 cm/s !!!!!!!!!!

=============================================================



[!] Propagation velocity! Id = 200
t1 = 15.4400000000
dvdt[190] = 1.3876584543

t2 = 30.1700000000
dvdt[200] = 0.8599325299
delta_x = 0.2000000000
delta_t = 14.7300000000

!!!!!!!! Propagation velocity = 13.577733 cm/s !!!!!!!!!!

=============================================================

