

[!] Propagation velocity! Id = 59
t1 = 4.4900000000
dvdt[54] = 1.4479198189

t2 = 4.8100000000
dvdt[59] = 1.4477924424
delta_x = 0.0820000000
delta_t = 0.3200000000

!!!!!!!! Propagation velocity = 256.250000 cm/s !!!!!!!!!!

=============================================================



[!] Propagation velocity! Id = 119
t1 = 8.3500000000
dvdt[114] = 1.4483416603

t2 = 8.6700000000
dvdt[119] = 1.4482891220
delta_x = 0.0820000000
delta_t = 0.3200000000

!!!!!!!! Propagation velocity = 256.250000 cm/s !!!!!!!!!!

=============================================================



[!] Propagation velocity! Id = 178
t1 = 12.1600000000
dvdt[173] = 1.4510577062

t2 = 12.4800000000
dvdt[178] = 1.4518740350
delta_x = 0.0820000000
delta_t = 0.3200000000

!!!!!!!! Propagation velocity = 256.250000 cm/s !!!!!!!!!!

=============================================================



[!] Propagation velocity! Id = 242
t1 = 16.3500000000
dvdt[237] = 0.8565070357

t2 = 23.8900000000
dvdt[242] = 1.2630924155
delta_x = 0.0820000000
delta_t = 7.5400000000

!!!!!!!! Propagation velocity = 10.875332 cm/s !!!!!!!!!!

=============================================================

