

[!] Propagation velocity! Id = 25
t1 = 2.7500000000
dvdt[15] = 3.7090942413

t2 = 2.9800000000
dvdt[25] = 3.6231172318
delta_x = 0.1000000000
delta_t = 0.2300000000

!!!!!!!! Propagation velocity = 434.782609 cm/s !!!!!!!!!!

=============================================================



[!] Propagation velocity! Id = 50
t1 = 3.3500000000
dvdt[40] = 3.4044563159

t2 = 3.7600000000
dvdt[50] = 2.0387769808
delta_x = 0.1000000000
delta_t = 0.4100000000

!!!!!!!! Propagation velocity = 243.902439 cm/s !!!!!!!!!!

=============================================================



[!] Propagation velocity! Id = 75
t1 = 4.1400000000
dvdt[65] = 3.5100650160

t2 = 4.4000000000
dvdt[75] = 3.5057888178
delta_x = 0.0999995320
delta_t = 0.2600000000

!!!!!!!! Propagation velocity = 384.613585 cm/s !!!!!!!!!!

=============================================================



[!] Propagation velocity! Id = 100
t1 = 4.8100000000
dvdt[90] = 2.8502199444

t2 = 3.8000000000
dvdt[100] = 2.3678826961
delta_x = 0.4099996402
delta_t = -1.0100000000

!!!!!!!! Propagation velocity = 0.000000 cm/s !!!!!!!!!!

=============================================================



[!] Propagation velocity! Id = 125
t1 = 4.1700000000
dvdt[115] = 3.5178760955

t2 = 4.4300000000
dvdt[125] = 3.4966991873
delta_x = 0.1000003981
delta_t = 0.2600000000

!!!!!!!! Propagation velocity = 384.616916 cm/s !!!!!!!!!!

=============================================================



[!] Propagation velocity! Id = 150
t1 = 4.8400000000
dvdt[140] = 2.6313660761

t2 = 5.1400000000
dvdt[150] = 0.0286980836
delta_x = 2.0799999720
delta_t = 0.3000000000

!!!!!!!! Propagation velocity = 6933.333240 cm/s !!!!!!!!!!

=============================================================

