

[!] Propagation velocity! Id = 148
t1 = 9.6800000000
dvdt[138] = 1.4468941381

t2 = 10.3100000000
dvdt[148] = 1.4472217935
delta_x = 0.1640000000
delta_t = 0.6300000000

!!!!!!!! Propagation velocity = 260.317460 cm/s !!!!!!!!!!

=============================================================



[!] Propagation velocity! Id = 297
t1 = 19.0100000000
dvdt[287] = 1.4472986721

t2 = 19.6400000000
dvdt[297] = 1.4471676840
delta_x = 0.1640000000
delta_t = 0.6300000000

!!!!!!!! Propagation velocity = 260.317460 cm/s !!!!!!!!!!

=============================================================



[!] Propagation velocity! Id = 445
t1 = 28.2800000000
dvdt[435] = 1.4479114079

t2 = 28.9000000000
dvdt[445] = 1.4479761444
delta_x = 0.1640000000
delta_t = 0.6200000000

!!!!!!!! Propagation velocity = 264.516129 cm/s !!!!!!!!!!

=============================================================



[!] Propagation velocity! Id = 608
t1 = 38.5600000000
dvdt[598] = 1.3205584787

t2 = 44.8000000000
dvdt[608] = 1.3898990730
delta_x = 0.1640000000
delta_t = 6.2400000000

!!!!!!!! Propagation velocity = 26.282051 cm/s !!!!!!!!!!

=============================================================

