

[!] Propagation velocity! Id = 59
t1 = 6.7900000000
dvdt[54] = 1.4510948212

t2 = 7.3700000000
dvdt[59] = 1.4508337979
delta_x = 0.0820000000
delta_t = 0.5800000000

!!!!!!!! Propagation velocity = 141.379310 cm/s !!!!!!!!!!

=============================================================



[!] Propagation velocity! Id = 119
t1 = 13.7400000000
dvdt[114] = 1.4464877642

t2 = 14.3200000000
dvdt[119] = 1.4457508960
delta_x = 0.0820000000
delta_t = 0.5800000000

!!!!!!!! Propagation velocity = 141.379310 cm/s !!!!!!!!!!

=============================================================



[!] Propagation velocity! Id = 178
t1 = 20.5500000000
dvdt[173] = 1.4365862072

t2 = 21.1200000000
dvdt[178] = 1.4358792387
delta_x = 0.0820000000
delta_t = 0.5700000000

!!!!!!!! Propagation velocity = 143.859649 cm/s !!!!!!!!!!

=============================================================



[!] Propagation velocity! Id = 242
t1 = 27.9800000000
dvdt[237] = 1.2619646355

t2 = 28.9600000000
dvdt[242] = 0.0068992312
delta_x = 0.0820000000
delta_t = 0.9800000000

!!!!!!!! Propagation velocity = 83.673469 cm/s !!!!!!!!!!

=============================================================

