

[!] Propagation velocity! Id = 59
t1 = 3.8000000000
dvdt[54] = 3.5074394183

t2 = 4.0700000000
dvdt[59] = 3.4987158497
delta_x = 0.0820000000
delta_t = 0.2700000000

!!!!!!!! Propagation velocity = 303.703704 cm/s !!!!!!!!!!

=============================================================



[!] Propagation velocity! Id = 119
t1 = 7.0000000000
dvdt[114] = 3.5023723195

t2 = 7.2600000000
dvdt[119] = 3.4979092768
delta_x = 0.0820000000
delta_t = 0.2600000000

!!!!!!!! Propagation velocity = 315.384615 cm/s !!!!!!!!!!

=============================================================



[!] Propagation velocity! Id = 178
t1 = 10.1500000000
dvdt[173] = 3.4958910817

t2 = 10.4100000000
dvdt[178] = 3.5021525157
delta_x = 0.0820000000
delta_t = 0.2600000000

!!!!!!!! Propagation velocity = 315.384615 cm/s !!!!!!!!!!

=============================================================



[!] Propagation velocity! Id = 242
t1 = 13.5800000000
dvdt[237] = 3.0344014236

t2 = 23.0600000000
dvdt[242] = 3.5000369644
delta_x = 0.0820000000
delta_t = 9.4800000000

!!!!!!!! Propagation velocity = 8.649789 cm/s !!!!!!!!!!

=============================================================

