

[!] Propagation velocity! Id = 59
t1 = 4.5900000000
dvdt[54] = 1.4480575593

t2 = 4.9300000000
dvdt[59] = 1.4482880255
delta_x = 0.0820000000
delta_t = 0.3400000000

!!!!!!!! Propagation velocity = 241.176471 cm/s !!!!!!!!!!

=============================================================



[!] Propagation velocity! Id = 119
t1 = 8.6100000000
dvdt[114] = 1.4485946658

t2 = 8.9500000000
dvdt[119] = 1.4486085080
delta_x = 0.0820000000
delta_t = 0.3400000000

!!!!!!!! Propagation velocity = 241.176471 cm/s !!!!!!!!!!

=============================================================



[!] Propagation velocity! Id = 178
t1 = 12.5700000000
dvdt[173] = 1.4516272014

t2 = 12.9100000000
dvdt[178] = 1.4520340685
delta_x = 0.0820000000
delta_t = 0.3400000000

!!!!!!!! Propagation velocity = 241.176471 cm/s !!!!!!!!!!

=============================================================



[!] Propagation velocity! Id = 242
t1 = 16.9400000000
dvdt[237] = 0.8826426374

t2 = 27.7300000000
dvdt[242] = 1.0471118788
delta_x = 0.0820000000
delta_t = 10.7900000000

!!!!!!!! Propagation velocity = 7.599629 cm/s !!!!!!!!!!

=============================================================

