

[!] Propagation velocity! Id = 29
t1 = 1.9600000000
dvdt[19] = 3.5564688214

t2 = 2.5700000000
dvdt[29] = 3.5257935937
delta_x = 0.1640000000
delta_t = 0.6100000000

!!!!!!!! Propagation velocity = 268.852459 cm/s !!!!!!!!!!

=============================================================



[!] Propagation velocity! Id = 59
t1 = 3.7900000000
dvdt[49] = 3.5192985796

t2 = 4.4000000000
dvdt[59] = 3.5142285880
delta_x = 0.1640000000
delta_t = 0.6100000000

!!!!!!!! Propagation velocity = 268.852459 cm/s !!!!!!!!!!

=============================================================



[!] Propagation velocity! Id = 88
t1 = 5.5700000000
dvdt[78] = 3.5147707503

t2 = 6.1800000000
dvdt[88] = 3.5164183626
delta_x = 0.1640000000
delta_t = 0.6100000000

!!!!!!!! Propagation velocity = 268.852459 cm/s !!!!!!!!!!

=============================================================



[!] Propagation velocity! Id = 118
t1 = 7.4100000000
dvdt[108] = 3.5096194456

t2 = 16.1600000000
dvdt[118] = 2.3629694191
delta_x = 0.1640000000
delta_t = 8.7500000000

!!!!!!!! Propagation velocity = 18.742857 cm/s !!!!!!!!!!

=============================================================

