

[!] Propagation velocity! Id = 50
t1 = 3.9100000000
dvdt[40] = 1.4491206712

t2 = 4.6700000000
dvdt[50] = 1.4487454819
delta_x = 0.2000000000
delta_t = 0.7600000000

!!!!!!!! Propagation velocity = 263.157895 cm/s !!!!!!!!!!

=============================================================



[!] Propagation velocity! Id = 100
t1 = 7.7300000000
dvdt[90] = 1.4491753608

t2 = 8.5000000000
dvdt[100] = 1.4491030660
delta_x = 0.2000000000
delta_t = 0.7700000000

!!!!!!!! Propagation velocity = 259.740260 cm/s !!!!!!!!!!

=============================================================



[!] Propagation velocity! Id = 150
t1 = 11.5600000000
dvdt[140] = 1.4517357842

t2 = 12.3300000000
dvdt[150] = 1.4527054553
delta_x = 0.2000000000
delta_t = 0.7700000000

!!!!!!!! Propagation velocity = 259.740260 cm/s !!!!!!!!!!

=============================================================



[!] Propagation velocity! Id = 200
t1 = 15.4300000000
dvdt[190] = 1.3901474579

t2 = 20.4500000000
dvdt[200] = 1.5171047984
delta_x = 0.2000000000
delta_t = 5.0200000000

!!!!!!!! Propagation velocity = 39.840637 cm/s !!!!!!!!!!

=============================================================

