

[!] Propagation velocity! Id = 59
t1 = 4.2300000000
dvdt[54] = 3.5157057060

t2 = 4.5600000000
dvdt[59] = 3.5219705068
delta_x = 0.0820000000
delta_t = 0.3300000000

!!!!!!!! Propagation velocity = 248.484848 cm/s !!!!!!!!!!

=============================================================



[!] Propagation velocity! Id = 119
t1 = 8.1100000000
dvdt[114] = 3.5197789139

t2 = 8.4400000000
dvdt[119] = 3.5169247737
delta_x = 0.0820000000
delta_t = 0.3300000000

!!!!!!!! Propagation velocity = 248.484848 cm/s !!!!!!!!!!

=============================================================



[!] Propagation velocity! Id = 178
t1 = 11.9300000000
dvdt[173] = 3.5210852132

t2 = 12.2500000000
dvdt[178] = 3.5196080196
delta_x = 0.0820000000
delta_t = 0.3200000000

!!!!!!!! Propagation velocity = 256.250000 cm/s !!!!!!!!!!

=============================================================



[!] Propagation velocity! Id = 242
t1 = 16.0800000000
dvdt[237] = 3.2555381461

t2 = 22.6400000000
dvdt[242] = 3.8739044142
delta_x = 0.0820000000
delta_t = 6.5600000000

!!!!!!!! Propagation velocity = 12.500000 cm/s !!!!!!!!!!

=============================================================

