

[!] Propagation velocity! Id = 12
t1 = 1.0300000000
dvdt[2] = 3.8769766613

t2 = 1.4300000000
dvdt[12] = 3.6748482961
delta_x = 0.2000000000
delta_t = 0.4000000000

!!!!!!!! Propagation velocity = 500.000000 cm/s !!!!!!!!!!

=============================================================



[!] Propagation velocity! Id = 25
t1 = 1.5800000000
dvdt[15] = 3.6327603693

t2 = 2.0700000000
dvdt[25] = 3.5683835678
delta_x = 0.2000000000
delta_t = 0.4900000000

!!!!!!!! Propagation velocity = 408.163265 cm/s !!!!!!!!!!

=============================================================



[!] Propagation velocity! Id = 37
t1 = 2.1800000000
dvdt[27] = 3.5645227097

t2 = 2.6800000000
dvdt[37] = 3.5547778254
delta_x = 0.2000000000
delta_t = 0.5000000000

!!!!!!!! Propagation velocity = 400.000000 cm/s !!!!!!!!!!

=============================================================



[!] Propagation velocity! Id = 50
t1 = 2.8300000000
dvdt[40] = 3.5292945177

t2 = 3.3000000000
dvdt[50] = 0.1258271037
delta_x = 0.2000000000
delta_t = 0.4700000000

!!!!!!!! Propagation velocity = 425.531915 cm/s !!!!!!!!!!

=============================================================

