

[!] Propagation velocity! Id = 12
t1 = 1.1800000000
dvdt[2] = 3.8663727861

t2 = 1.5900000000
dvdt[12] = 3.6346131750
delta_x = 0.2000000000
delta_t = 0.4100000000

!!!!!!!! Propagation velocity = 487.804878 cm/s !!!!!!!!!!

=============================================================



[!] Propagation velocity! Id = 25
t1 = 1.7500000000
dvdt[15] = 3.5724297831

t2 = 2.4200000000
dvdt[25] = 1.8998329021
delta_x = 0.2000000000
delta_t = 0.6700000000

!!!!!!!! Propagation velocity = 298.507463 cm/s !!!!!!!!!!

=============================================================



[!] Propagation velocity! Id = 37
t1 = 2.5400000000
dvdt[27] = 3.0022492678

t2 = 3.0600000000
dvdt[37] = 3.4988209140
delta_x = 0.1999999301
delta_t = 0.5200000000

!!!!!!!! Propagation velocity = 384.615250 cm/s !!!!!!!!!!

=============================================================



[!] Propagation velocity! Id = 50
t1 = 3.2200000000
dvdt[40] = 3.4508488929

t2 = 2.5000000000
dvdt[50] = 2.5518884219
delta_x = 0.3200007542
delta_t = -0.7200000000

!!!!!!!! Propagation velocity = 0.000000 cm/s !!!!!!!!!!

=============================================================



[!] Propagation velocity! Id = 62
t1 = 2.5900000000
dvdt[52] = 3.2548477069

t2 = 3.1100000000
dvdt[62] = 3.4925820271
delta_x = 0.1999999301
delta_t = 0.5200000000

!!!!!!!! Propagation velocity = 384.615250 cm/s !!!!!!!!!!

=============================================================



[!] Propagation velocity! Id = 75
t1 = 3.2700000000
dvdt[65] = 3.4200075425

t2 = 8.9900000000
dvdt[75] = 4.0070671176
delta_x = 2.1599999441
delta_t = 5.7200000000

!!!!!!!! Propagation velocity = 377.622368 cm/s !!!!!!!!!!

=============================================================

