

[!] Propagation velocity! Id = 125
t1 = 9.2600000000
dvdt[115] = 3.5421811659

t2 = 10.0100000000
dvdt[125] = 3.5418210901
delta_x = 0.2000000000
delta_t = 0.7500000000

!!!!!!!! Propagation velocity = 266.666667 cm/s !!!!!!!!!!

=============================================================



[!] Propagation velocity! Id = 250
t1 = 18.6400000000
dvdt[240] = 3.5427806128

t2 = 19.3900000000
dvdt[250] = 3.5429264644
delta_x = 0.2000000000
delta_t = 0.7500000000

!!!!!!!! Propagation velocity = 266.666667 cm/s !!!!!!!!!!

=============================================================



[!] Propagation velocity! Id = 375
t1 = 28.0100000000
dvdt[365] = 3.5444399453

t2 = 28.7600000000
dvdt[375] = 3.5380283956
delta_x = 0.2000000000
delta_t = 0.7500000000

!!!!!!!! Propagation velocity = 266.666667 cm/s !!!!!!!!!!

=============================================================



[!] Propagation velocity! Id = 500
t1 = 37.3200000000
dvdt[490] = 3.5451735402

t2 = 38.1300000000
dvdt[500] = 0.0904438835
delta_x = 0.2000000000
delta_t = 0.8100000000

!!!!!!!! Propagation velocity = 246.913580 cm/s !!!!!!!!!!

=============================================================

