

[!] Propagation velocity! Id = 59
t1 = 4.0900000000
dvdt[54] = 3.5406082710

t2 = 4.4000000000
dvdt[59] = 3.5361990680
delta_x = 0.0820000000
delta_t = 0.3100000000

!!!!!!!! Propagation velocity = 264.516129 cm/s !!!!!!!!!!

=============================================================



[!] Propagation velocity! Id = 119
t1 = 7.7300000000
dvdt[114] = 3.5817148005

t2 = 8.0300000000
dvdt[119] = 3.5917874684
delta_x = 0.0820000000
delta_t = 0.3000000000

!!!!!!!! Propagation velocity = 273.333333 cm/s !!!!!!!!!!

=============================================================



[!] Propagation velocity! Id = 178
t1 = 11.1200000000
dvdt[173] = 3.0831587837

t2 = 11.4100000000
dvdt[178] = 2.6450202213
delta_x = 0.0820000000
delta_t = 0.2900000000

!!!!!!!! Propagation velocity = 282.758621 cm/s !!!!!!!!!!

=============================================================



[!] Propagation velocity! Id = 242
t1 = 16.3900000000
dvdt[237] = 0.0114189436

t2 = 262.0600000000
dvdt[242] = 0.0000336965
delta_x = 0.0820000000
delta_t = 245.6700000000

!!!!!!!! Propagation velocity = 0.333781 cm/s !!!!!!!!!!

=============================================================

