

[!] Propagation velocity! Id = 29
t1 = 2.2500000000
dvdt[19] = 1.4474145923

t2 = 2.8800000000
dvdt[29] = 1.4496593750
delta_x = 0.1640000000
delta_t = 0.6300000000

!!!!!!!! Propagation velocity = 260.317460 cm/s !!!!!!!!!!

=============================================================



[!] Propagation velocity! Id = 59
t1 = 4.1300000000
dvdt[49] = 1.4515809435

t2 = 4.7600000000
dvdt[59] = 1.4524817456
delta_x = 0.1640000000
delta_t = 0.6300000000

!!!!!!!! Propagation velocity = 260.317460 cm/s !!!!!!!!!!

=============================================================



[!] Propagation velocity! Id = 88
t1 = 5.9600000000
dvdt[78] = 1.4547827470

t2 = 6.5900000000
dvdt[88] = 1.4564501220
delta_x = 0.1640000000
delta_t = 0.6300000000

!!!!!!!! Propagation velocity = 260.317460 cm/s !!!!!!!!!!

=============================================================



[!] Propagation velocity! Id = 118
t1 = 7.8700000000
dvdt[108] = 1.3861894974

t2 = 13.6800000000
dvdt[118] = 1.1366647980
delta_x = 0.1640000000
delta_t = 5.8100000000

!!!!!!!! Propagation velocity = 28.227194 cm/s !!!!!!!!!!

=============================================================

