

[!] Propagation velocity! Id = 25
t1 = 2.0100000000
dvdt[15] = 3.6570654363

t2 = 2.3600000000
dvdt[25] = 3.5607755912
delta_x = 0.1000000000
delta_t = 0.3500000000

!!!!!!!! Propagation velocity = 285.714286 cm/s !!!!!!!!!!

=============================================================



[!] Propagation velocity! Id = 50
t1 = 2.9000000000
dvdt[40] = 3.5131058550

t2 = 3.2700000000
dvdt[50] = 3.5013763003
delta_x = 0.1000000000
delta_t = 0.3700000000

!!!!!!!! Propagation velocity = 270.270270 cm/s !!!!!!!!!!

=============================================================



[!] Propagation velocity! Id = 75
t1 = 3.8200000000
dvdt[65] = 3.4901167796

t2 = 4.1900000000
dvdt[75] = 3.4870995142
delta_x = 0.1000000000
delta_t = 0.3700000000

!!!!!!!! Propagation velocity = 270.270270 cm/s !!!!!!!!!!

=============================================================



[!] Propagation velocity! Id = 100
t1 = 4.7500000000
dvdt[90] = 3.3260852645

t2 = 27.8100000000
dvdt[100] = 2.2768296358
delta_x = 0.1000000000
delta_t = 23.0600000000

!!!!!!!! Propagation velocity = 4.336513 cm/s !!!!!!!!!!

=============================================================

