

[!] Propagation velocity! Id = 29
t1 = 1.9600000000
dvdt[19] = 3.5500416759

t2 = 2.5700000000
dvdt[29] = 3.5257369065
delta_x = 0.1640000000
delta_t = 0.6100000000

!!!!!!!! Propagation velocity = 268.852459 cm/s !!!!!!!!!!

=============================================================



[!] Propagation velocity! Id = 59
t1 = 3.8000000000
dvdt[49] = 3.5122393344

t2 = 4.4100000000
dvdt[59] = 3.5169458949
delta_x = 0.1640000000
delta_t = 0.6100000000

!!!!!!!! Propagation velocity = 268.852459 cm/s !!!!!!!!!!

=============================================================



[!] Propagation velocity! Id = 88
t1 = 5.5800000000
dvdt[78] = 3.5047742205

t2 = 6.1900000000
dvdt[88] = 3.5150455867
delta_x = 0.1640000000
delta_t = 0.6100000000

!!!!!!!! Propagation velocity = 268.852459 cm/s !!!!!!!!!!

=============================================================



[!] Propagation velocity! Id = 118
t1 = 7.4200000000
dvdt[108] = 3.5073873340

t2 = 12.2200000000
dvdt[118] = 2.5215674145
delta_x = 0.1640000000
delta_t = 4.8000000000

!!!!!!!! Propagation velocity = 34.166667 cm/s !!!!!!!!!!

=============================================================

