

[!] Propagation velocity! Id = 148
t1 = 9.2500000000
dvdt[138] = 3.5158087067

t2 = 9.8600000000
dvdt[148] = 3.5162646423
delta_x = 0.1640000000
delta_t = 0.6100000000

!!!!!!!! Propagation velocity = 268.852459 cm/s !!!!!!!!!!

=============================================================



[!] Propagation velocity! Id = 297
t1 = 18.3800000000
dvdt[287] = 3.5065832521

t2 = 19.0000000000
dvdt[297] = 3.5166120752
delta_x = 0.1640000000
delta_t = 0.6200000000

!!!!!!!! Propagation velocity = 264.516129 cm/s !!!!!!!!!!

=============================================================



[!] Propagation velocity! Id = 445
t1 = 27.4400000000
dvdt[435] = 3.5277416958

t2 = 28.0500000000
dvdt[445] = 3.5297458741
delta_x = 0.1640000000
delta_t = 0.6100000000

!!!!!!!! Propagation velocity = 268.852459 cm/s !!!!!!!!!!

=============================================================



[!] Propagation velocity! Id = 608
t1 = 37.0900000000
dvdt[598] = 3.5390164784

t2 = 37.7600000000
dvdt[608] = 0.0549476594
delta_x = 0.1640000000
delta_t = 0.6700000000

!!!!!!!! Propagation velocity = 244.776119 cm/s !!!!!!!!!!

=============================================================

