

[!] Propagation velocity! Id = 25
t1 = 1.7700000000
dvdt[15] = 3.5882329058

t2 = 2.5100000000
dvdt[25] = 3.5437779586
delta_x = 0.2000000000
delta_t = 0.7400000000

!!!!!!!! Propagation velocity = 270.270270 cm/s !!!!!!!!!!

=============================================================



[!] Propagation velocity! Id = 50
t1 = 3.6400000000
dvdt[40] = 3.5427902759

t2 = 4.3900000000
dvdt[50] = 3.5417259465
delta_x = 0.2000000000
delta_t = 0.7500000000

!!!!!!!! Propagation velocity = 266.666667 cm/s !!!!!!!!!!

=============================================================



[!] Propagation velocity! Id = 75
t1 = 5.5100000000
dvdt[65] = 3.5338140655

t2 = 6.2700000000
dvdt[75] = 3.5309399552
delta_x = 0.2000000000
delta_t = 0.7600000000

!!!!!!!! Propagation velocity = 263.157895 cm/s !!!!!!!!!!

=============================================================



[!] Propagation velocity! Id = 100
t1 = 7.3900000000
dvdt[90] = 3.5332960992

t2 = 12.5800000000
dvdt[100] = 4.1317667894
delta_x = 0.2000000000
delta_t = 5.1900000000

!!!!!!!! Propagation velocity = 38.535645 cm/s !!!!!!!!!!

=============================================================

