

[!] Propagation velocity! Id = 147
t1 = 15.4300000000
dvdt[137] = 1.0528630438

t2 = 15.6300000000
dvdt[147] = 1.1332444920
delta_x = 0.0680000000
delta_t = 0.2000000000

!!!!!!!! Propagation velocity = 340.000000 cm/s !!!!!!!!!!

=============================================================



[!] Propagation velocity! Id = 294
t1 = 18.9900000000
dvdt[284] = 1.1479996347

t2 = 19.5900000000
dvdt[294] = 1.0340927693
delta_x = 0.0680000000
delta_t = 0.6000000000

!!!!!!!! Propagation velocity = 113.333333 cm/s !!!!!!!!!!

=============================================================



[!] Propagation velocity! Id = 441
t1 = 23.0000000000
dvdt[431] = 1.4211129233

t2 = 23.2600000000
dvdt[441] = 1.4219958111
delta_x = 0.0680002360
delta_t = 0.2600000000

!!!!!!!! Propagation velocity = 261.539369 cm/s !!!!!!!!!!

=============================================================



[!] Propagation velocity! Id = 735
t1 = 23.0000000000
dvdt[725] = 1.4211129233

t2 = 23.2600000000
dvdt[735] = 1.4219958111
delta_x = 0.0680002360
delta_t = 0.2600000000

!!!!!!!! Propagation velocity = 261.539369 cm/s !!!!!!!!!!

=============================================================



[!] Propagation velocity! Id = 588
t1 = 26.7900000000
dvdt[578] = 0.6737662425

t2 = 27.3800000000
dvdt[588] = 0.0165538190
delta_x = 0.0680002360
delta_t = 0.5900000000

!!!!!!!! Propagation velocity = 115.254637 cm/s !!!!!!!!!!

=============================================================



[!] Propagation velocity! Id = 882
t1 = 26.7900000000
dvdt[872] = 0.6737662425

t2 = 27.3800000000
dvdt[882] = 0.0165538190
delta_x = 0.0680002360
delta_t = 0.5900000000

!!!!!!!! Propagation velocity = 115.254637 cm/s !!!!!!!!!!

=============================================================

