

[!] Propagation velocity! Id = 147
t1 = 14.8400000000
dvdt[137] = 1.1021793270

t2 = 15.0500000000
dvdt[147] = 1.1727955167
delta_x = 0.0680000000
delta_t = 0.2100000000

!!!!!!!! Propagation velocity = 323.809524 cm/s !!!!!!!!!!

=============================================================



[!] Propagation velocity! Id = 294
t1 = 18.4300000000
dvdt[284] = 1.1493719410

t2 = 19.0400000000
dvdt[294] = 1.0347542948
delta_x = 0.0680000000
delta_t = 0.6100000000

!!!!!!!! Propagation velocity = 111.475410 cm/s !!!!!!!!!!

=============================================================



[!] Propagation velocity! Id = 441
t1 = 22.4400000000
dvdt[431] = 1.4210506466

t2 = 22.7000000000
dvdt[441] = 1.4222921255
delta_x = 0.0680002360
delta_t = 0.2600000000

!!!!!!!! Propagation velocity = 261.539369 cm/s !!!!!!!!!!

=============================================================



[!] Propagation velocity! Id = 735
t1 = 22.4400000000
dvdt[725] = 1.4210506466

t2 = 22.7000000000
dvdt[735] = 1.4222921255
delta_x = 0.0680002360
delta_t = 0.2600000000

!!!!!!!! Propagation velocity = 261.539369 cm/s !!!!!!!!!!

=============================================================



[!] Propagation velocity! Id = 588
t1 = 26.2300000000
dvdt[578] = 0.6701765321

t2 = 26.6500000000
dvdt[588] = 0.0095722812
delta_x = 0.0680002360
delta_t = 0.4200000000

!!!!!!!! Propagation velocity = 161.905324 cm/s !!!!!!!!!!

=============================================================



[!] Propagation velocity! Id = 882
t1 = 26.2300000000
dvdt[872] = 0.6701765321

t2 = 26.6500000000
dvdt[882] = 0.0095722812
delta_x = 0.0680002360
delta_t = 0.4200000000

!!!!!!!! Propagation velocity = 161.905324 cm/s !!!!!!!!!!

=============================================================

