

[!] Propagation velocity! Id = 59
t1 = 5.2200000000
dvdt[54] = 1.4492946620

t2 = 5.6300000000
dvdt[59] = 1.4492228814
delta_x = 0.0820000000
delta_t = 0.4100000000

!!!!!!!! Propagation velocity = 200.000000 cm/s !!!!!!!!!!

=============================================================



[!] Propagation velocity! Id = 119
t1 = 10.1400000000
dvdt[114] = 1.4489071880

t2 = 10.5500000000
dvdt[119] = 1.4489195656
delta_x = 0.0820000000
delta_t = 0.4100000000

!!!!!!!! Propagation velocity = 200.000000 cm/s !!!!!!!!!!

=============================================================



[!] Propagation velocity! Id = 178
t1 = 14.9900000000
dvdt[173] = 1.4513206521

t2 = 15.4000000000
dvdt[178] = 1.4517171096
delta_x = 0.0820000000
delta_t = 0.4100000000

!!!!!!!! Propagation velocity = 200.000000 cm/s !!!!!!!!!!

=============================================================



[!] Propagation velocity! Id = 242
t1 = 20.3400000000
dvdt[237] = 1.0543693039

t2 = 26.2500000000
dvdt[242] = 1.4062458597
delta_x = 0.0820000000
delta_t = 5.9100000000

!!!!!!!! Propagation velocity = 13.874788 cm/s !!!!!!!!!!

=============================================================

