

[!] Propagation velocity! Id = 14
t1 = 1.4500000000
dvdt[4] = 3.8193040358

t2 = 1.8200000000
dvdt[14] = 3.6273825259
delta_x = 0.1640000000
delta_t = 0.3700000000

!!!!!!!! Propagation velocity = 443.243243 cm/s !!!!!!!!!!

=============================================================



[!] Propagation velocity! Id = 29
t1 = 2.0200000000
dvdt[19] = 3.5495292055

t2 = 2.5000000000
dvdt[29] = 2.1839788799
delta_x = 0.1640000000
delta_t = 0.4800000000

!!!!!!!! Propagation velocity = 341.666667 cm/s !!!!!!!!!!

=============================================================



[!] Propagation velocity! Id = 43
t1 = 2.7900000000
dvdt[33] = 3.1463137044

t2 = 3.2100000000
dvdt[43] = 3.4913321872
delta_x = 0.1640007221
delta_t = 0.4200000000

!!!!!!!! Propagation velocity = 390.477910 cm/s !!!!!!!!!!

=============================================================



[!] Propagation velocity! Id = 58
t1 = 3.4200000000
dvdt[48] = 3.4631650733

t2 = 13.9200000000
dvdt[58] = 2.6191743364
delta_x = 0.1639998561
delta_t = 10.5000000000

!!!!!!!! Propagation velocity = 15.619034 cm/s !!!!!!!!!!

=============================================================



[!] Propagation velocity! Id = 72
t1 = 2.7500000000
dvdt[62] = 2.8834271521

t2 = 3.1600000000
dvdt[72] = 3.4985510602
delta_x = 0.1639998561
delta_t = 0.4100000000

!!!!!!!! Propagation velocity = 399.999649 cm/s !!!!!!!!!!

=============================================================



[!] Propagation velocity! Id = 87
t1 = 3.3800000000
dvdt[77] = 3.4729518645

t2 = 13.9400000000
dvdt[87] = 2.1770273775
delta_x = 0.1639998561
delta_t = 10.5600000000

!!!!!!!! Propagation velocity = 15.530289 cm/s !!!!!!!!!!

=============================================================

