

[!] Propagation velocity! Id = 14
t1 = 1.0500000000
dvdt[4] = 3.1418545739

t2 = 1.4100000000
dvdt[14] = 3.0880426832
delta_x = 0.1640000000
delta_t = 0.3600000000

!!!!!!!! Propagation velocity = 455.555556 cm/s !!!!!!!!!!

=============================================================



[!] Propagation velocity! Id = 29
t1 = 1.6000000000
dvdt[19] = 3.0799503361

t2 = 2.0100000000
dvdt[29] = 3.1157818934
delta_x = 0.1640000000
delta_t = 0.4100000000

!!!!!!!! Propagation velocity = 400.000000 cm/s !!!!!!!!!!

=============================================================



[!] Propagation velocity! Id = 43
t1 = 2.1700000000
dvdt[33] = 3.1331105886

t2 = 2.5700000000
dvdt[43] = 3.1647045768
delta_x = 0.1640000000
delta_t = 0.4000000000

!!!!!!!! Propagation velocity = 410.000000 cm/s !!!!!!!!!!

=============================================================



[!] Propagation velocity! Id = 58
t1 = 2.7800000000
dvdt[48] = 3.1571299395

t2 = 3.1400000000
dvdt[58] = 0.9620119415
delta_x = 0.1640000000
delta_t = 0.3600000000

!!!!!!!! Propagation velocity = 455.555556 cm/s !!!!!!!!!!

=============================================================

