

[!] Propagation velocity! Id = 36
t1 = 0.5700000000
dvdt[26] = 0.0705850423

t2 = 1.0500000000
dvdt[36] = 0.0504772722
delta_x = 0.0680000000
delta_t = 0.4800000000

!!!!!!!! Propagation velocity = 141.666667 cm/s !!!!!!!!!!

=============================================================



[!] Propagation velocity! Id = 73
t1 = 3.1400000000
dvdt[63] = 0.0229262871

t2 = 3.2700000000
dvdt[73] = 0.0159660785
delta_x = 0.0680000000
delta_t = 0.1300000000

!!!!!!!! Propagation velocity = 523.076923 cm/s !!!!!!!!!!

=============================================================



[!] Propagation velocity! Id = 109
t1 = 3.6400000000
dvdt[99] = 0.0088205833

t2 = 3.8100000000
dvdt[109] = 0.0067328599
delta_x = 0.0680002360
delta_t = 0.1700000000

!!!!!!!! Propagation velocity = 400.001388 cm/s !!!!!!!!!!

=============================================================



[!] Propagation velocity! Id = 146
t1 = 4.2600000000
dvdt[136] = 0.0020677003

t2 = 5.9300000000
dvdt[146] = 0.0007148699
delta_x = 0.0680002360
delta_t = 1.6700000000

!!!!!!!! Propagation velocity = 40.718704 cm/s !!!!!!!!!!

=============================================================



[!] Propagation velocity! Id = 182
t1 = 3.6400000000
dvdt[172] = 0.0088205833

t2 = 3.8100000000
dvdt[182] = 0.0067328599
delta_x = 0.0680002360
delta_t = 0.1700000000

!!!!!!!! Propagation velocity = 400.001388 cm/s !!!!!!!!!!

=============================================================



[!] Propagation velocity! Id = 219
t1 = 4.2600000000
dvdt[209] = 0.0020677003

t2 = 5.9300000000
dvdt[219] = 0.0007148699
delta_x = 0.0680002360
delta_t = 1.6700000000

!!!!!!!! Propagation velocity = 40.718704 cm/s !!!!!!!!!!

=============================================================

