

[!] Propagation velocity! Id = 12
t1 = 1.1600000000
dvdt[2] = 3.8963569353

t2 = 1.5700000000
dvdt[12] = 3.6645454433
delta_x = 0.2000000000
delta_t = 0.4100000000

!!!!!!!! Propagation velocity = 487.804878 cm/s !!!!!!!!!!

=============================================================



[!] Propagation velocity! Id = 25
t1 = 1.7200000000
dvdt[15] = 3.6006599801

t2 = 2.3900000000
dvdt[25] = 1.9337343465
delta_x = 0.2000000000
delta_t = 0.6700000000

!!!!!!!! Propagation velocity = 298.507463 cm/s !!!!!!!!!!

=============================================================



[!] Propagation velocity! Id = 37
t1 = 2.5100000000
dvdt[27] = 3.0356942559

t2 = 3.0200000000
dvdt[37] = 3.5297448595
delta_x = 0.1999999301
delta_t = 0.5100000000

!!!!!!!! Propagation velocity = 392.156726 cm/s !!!!!!!!!!

=============================================================



[!] Propagation velocity! Id = 50
t1 = 3.1800000000
dvdt[40] = 3.4835937800

t2 = 2.4700000000
dvdt[50] = 2.5855667011
delta_x = 0.3200007542
delta_t = -0.7100000000

!!!!!!!! Propagation velocity = 0.000000 cm/s !!!!!!!!!!

=============================================================



[!] Propagation velocity! Id = 62
t1 = 2.5600000000
dvdt[52] = 3.2887793491

t2 = 3.0700000000
dvdt[62] = 3.5150178782
delta_x = 0.1999999301
delta_t = 0.5100000000

!!!!!!!! Propagation velocity = 392.156726 cm/s !!!!!!!!!!

=============================================================



[!] Propagation velocity! Id = 75
t1 = 3.2300000000
dvdt[65] = 3.4377130222

t2 = 3.7800000000
dvdt[75] = 0.0567819262
delta_x = 2.1599999441
delta_t = 0.5500000000

!!!!!!!! Propagation velocity = 3927.272626 cm/s !!!!!!!!!!

=============================================================

