

[!] Propagation velocity! Id = 25
t1 = 1.7700000000
dvdt[15] = 3.5810728126

t2 = 2.5100000000
dvdt[25] = 3.5530015611
delta_x = 0.2000000000
delta_t = 0.7400000000

!!!!!!!! Propagation velocity = 270.270270 cm/s !!!!!!!!!!

=============================================================



[!] Propagation velocity! Id = 50
t1 = 3.6300000000
dvdt[40] = 3.5418143135

t2 = 4.3800000000
dvdt[50] = 3.5419637277
delta_x = 0.2000000000
delta_t = 0.7500000000

!!!!!!!! Propagation velocity = 266.666667 cm/s !!!!!!!!!!

=============================================================



[!] Propagation velocity! Id = 75
t1 = 5.5100000000
dvdt[65] = 3.5378994612

t2 = 6.2600000000
dvdt[75] = 3.5400357452
delta_x = 0.2000000000
delta_t = 0.7500000000

!!!!!!!! Propagation velocity = 266.666667 cm/s !!!!!!!!!!

=============================================================



[!] Propagation velocity! Id = 100
t1 = 7.3800000000
dvdt[90] = 3.5332109763

t2 = 16.8400000000
dvdt[100] = 3.5657637724
delta_x = 0.2000000000
delta_t = 9.4600000000

!!!!!!!! Propagation velocity = 21.141649 cm/s !!!!!!!!!!

=============================================================

