

[!] Propagation velocity! Id = 59
t1 = 4.1200000000
dvdt[49] = 1.4482446870

t2 = 4.7400000000
dvdt[59] = 1.4481562846
delta_x = 0.1640000000
delta_t = 0.6200000000

!!!!!!!! Propagation velocity = 264.516129 cm/s !!!!!!!!!!

=============================================================



[!] Propagation velocity! Id = 119
t1 = 7.8800000000
dvdt[109] = 1.4488230361

t2 = 8.5000000000
dvdt[119] = 1.4490114635
delta_x = 0.1640000000
delta_t = 0.6200000000

!!!!!!!! Propagation velocity = 264.516129 cm/s !!!!!!!!!!

=============================================================



[!] Propagation velocity! Id = 178
t1 = 11.5800000000
dvdt[168] = 1.4519876975

t2 = 12.2100000000
dvdt[178] = 1.4530303078
delta_x = 0.1640000000
delta_t = 0.6300000000

!!!!!!!! Propagation velocity = 260.317460 cm/s !!!!!!!!!!

=============================================================



[!] Propagation velocity! Id = 242
t1 = 15.6600000000
dvdt[232] = 1.3149127858

t2 = 43.1100000000
dvdt[242] = 0.4087090408
delta_x = 0.1640000000
delta_t = 27.4500000000

!!!!!!!! Propagation velocity = 5.974499 cm/s !!!!!!!!!!

=============================================================

