

[!] Propagation velocity! Id = 59
t1 = 3.8600000000
dvdt[54] = 3.5000949499

t2 = 4.1300000000
dvdt[59] = 3.5071472669
delta_x = 0.0820000000
delta_t = 0.2700000000

!!!!!!!! Propagation velocity = 303.703704 cm/s !!!!!!!!!!

=============================================================



[!] Propagation velocity! Id = 119
t1 = 7.1500000000
dvdt[114] = 3.4994747373

t2 = 7.4200000000
dvdt[119] = 3.5054789140
delta_x = 0.0820000000
delta_t = 0.2700000000

!!!!!!!! Propagation velocity = 303.703704 cm/s !!!!!!!!!!

=============================================================



[!] Propagation velocity! Id = 178
t1 = 10.3900000000
dvdt[173] = 3.4973940506

t2 = 10.6600000000
dvdt[178] = 3.5038631722
delta_x = 0.0820000000
delta_t = 0.2700000000

!!!!!!!! Propagation velocity = 303.703704 cm/s !!!!!!!!!!

=============================================================



[!] Propagation velocity! Id = 242
t1 = 13.9200000000
dvdt[237] = 3.1208321921

t2 = 15.1700000000
dvdt[242] = 4.8079220421
delta_x = 0.0820000000
delta_t = 1.2500000000

!!!!!!!! Propagation velocity = 65.600000 cm/s !!!!!!!!!!

=============================================================

