

[!] Propagation velocity! Id = 59
t1 = 4.0400000000
dvdt[54] = 3.5134258661

t2 = 4.3400000000
dvdt[59] = 3.5136107111
delta_x = 0.0820000000
delta_t = 0.3000000000

!!!!!!!! Propagation velocity = 273.333333 cm/s !!!!!!!!!!

=============================================================



[!] Propagation velocity! Id = 119
t1 = 7.6400000000
dvdt[114] = 3.5188781384

t2 = 7.9400000000
dvdt[119] = 3.5195755993
delta_x = 0.0820000000
delta_t = 0.3000000000

!!!!!!!! Propagation velocity = 273.333333 cm/s !!!!!!!!!!

=============================================================



[!] Propagation velocity! Id = 178
t1 = 11.1700000000
dvdt[173] = 3.5153162975

t2 = 11.4700000000
dvdt[178] = 3.5184240938
delta_x = 0.0820000000
delta_t = 0.3000000000

!!!!!!!! Propagation velocity = 273.333333 cm/s !!!!!!!!!!

=============================================================



[!] Propagation velocity! Id = 242
t1 = 15.0100000000
dvdt[237] = 3.1852696349

t2 = 15.4000000000
dvdt[242] = 0.0950295705
delta_x = 0.0820000000
delta_t = 0.3900000000

!!!!!!!! Propagation velocity = 210.256410 cm/s !!!!!!!!!!

=============================================================

