

[!] Propagation velocity! Id = 59
t1 = 5.4800000000
dvdt[54] = 1.4505393851

t2 = 5.9200000000
dvdt[59] = 1.4504215223
delta_x = 0.0820000000
delta_t = 0.4400000000

!!!!!!!! Propagation velocity = 186.363636 cm/s !!!!!!!!!!

=============================================================



[!] Propagation velocity! Id = 119
t1 = 10.7500000000
dvdt[114] = 1.4513163972

t2 = 11.1900000000
dvdt[119] = 1.4514333758
delta_x = 0.0820000000
delta_t = 0.4400000000

!!!!!!!! Propagation velocity = 186.363636 cm/s !!!!!!!!!!

=============================================================



[!] Propagation velocity! Id = 178
t1 = 15.9400000000
dvdt[173] = 1.4555387732

t2 = 16.3800000000
dvdt[178] = 1.4560786905
delta_x = 0.0820000000
delta_t = 0.4400000000

!!!!!!!! Propagation velocity = 186.363636 cm/s !!!!!!!!!!

=============================================================



[!] Propagation velocity! Id = 242
t1 = 21.6800000000
dvdt[237] = 1.0906027584

t2 = 22.5400000000
dvdt[242] = 0.0279175056
delta_x = 0.0820000000
delta_t = 0.8600000000

!!!!!!!! Propagation velocity = 95.348837 cm/s !!!!!!!!!!

=============================================================

