

[!] Propagation velocity! Id = 59
t1 = 3.8400000000
dvdt[54] = 3.5126887827

t2 = 4.1100000000
dvdt[59] = 3.5117258176
delta_x = 0.0820000000
delta_t = 0.2700000000

!!!!!!!! Propagation velocity = 303.703704 cm/s !!!!!!!!!!

=============================================================



[!] Propagation velocity! Id = 119
t1 = 7.1100000000
dvdt[114] = 3.5055637907

t2 = 7.3900000000
dvdt[119] = 3.5124253785
delta_x = 0.0820000000
delta_t = 0.2800000000

!!!!!!!! Propagation velocity = 292.857143 cm/s !!!!!!!!!!

=============================================================



[!] Propagation velocity! Id = 178
t1 = 10.3300000000
dvdt[173] = 3.5170044930

t2 = 10.6000000000
dvdt[178] = 3.5130828118
delta_x = 0.0820000000
delta_t = 0.2700000000

!!!!!!!! Propagation velocity = 303.703704 cm/s !!!!!!!!!!

=============================================================



[!] Propagation velocity! Id = 242
t1 = 13.8300000000
dvdt[237] = 3.0751265021

t2 = 14.1500000000
dvdt[242] = 0.0898411285
delta_x = 0.0820000000
delta_t = 0.3200000000

!!!!!!!! Propagation velocity = 256.250000 cm/s !!!!!!!!!!

=============================================================

