

[!] Propagation velocity! Id = 50
t1 = 2.5600000000
dvdt[40] = 3.5623628541

t2 = 2.9100000000
dvdt[50] = 3.5518238235
delta_x = 0.1000000000
delta_t = 0.3500000000

!!!!!!!! Propagation velocity = 285.714286 cm/s !!!!!!!!!!

=============================================================



[!] Propagation velocity! Id = 100
t1 = 4.3000000000
dvdt[90] = 3.5540806263

t2 = 4.6500000000
dvdt[100] = 3.5501861330
delta_x = 0.1000000000
delta_t = 0.3500000000

!!!!!!!! Propagation velocity = 285.714286 cm/s !!!!!!!!!!

=============================================================



[!] Propagation velocity! Id = 150
t1 = 6.0300000000
dvdt[140] = 3.5314898078

t2 = 6.3700000000
dvdt[150] = 3.5123362310
delta_x = 0.1000000000
delta_t = 0.3400000000

!!!!!!!! Propagation velocity = 294.117647 cm/s !!!!!!!!!!

=============================================================



[!] Propagation velocity! Id = 200
t1 = 7.7500000000
dvdt[190] = 3.3082260245

t2 = 8.1900000000
dvdt[200] = 0.0536681611
delta_x = 0.1000000000
delta_t = 0.4400000000

!!!!!!!! Propagation velocity = 227.272727 cm/s !!!!!!!!!!

=============================================================

