

[!] Propagation velocity! Id = 59
t1 = 4.0700000000
dvdt[54] = 1.4464723874

t2 = 4.3300000000
dvdt[59] = 1.4466493540
delta_x = 0.0820000000
delta_t = 0.2600000000

!!!!!!!! Propagation velocity = 315.384615 cm/s !!!!!!!!!!

=============================================================



[!] Propagation velocity! Id = 119
t1 = 7.1800000000
dvdt[114] = 1.4476877530

t2 = 7.4400000000
dvdt[119] = 1.4478125906
delta_x = 0.0820000000
delta_t = 0.2600000000

!!!!!!!! Propagation velocity = 315.384615 cm/s !!!!!!!!!!

=============================================================



[!] Propagation velocity! Id = 178
t1 = 10.2500000000
dvdt[173] = 1.4503918262

t2 = 10.5100000000
dvdt[178] = 1.4508962696
delta_x = 0.0820000000
delta_t = 0.2600000000

!!!!!!!! Propagation velocity = 315.384615 cm/s !!!!!!!!!!

=============================================================



[!] Propagation velocity! Id = 242
t1 = 13.6200000000
dvdt[237] = 0.7656078737

t2 = 15.8300000000
dvdt[242] = 1.8143807703
delta_x = 0.0820000000
delta_t = 2.2100000000

!!!!!!!! Propagation velocity = 37.104072 cm/s !!!!!!!!!!

=============================================================

