

[!] Propagation velocity! Id = 59
t1 = 4.0500000000
dvdt[49] = 1.4269925065

t2 = 4.6700000000
dvdt[59] = 1.4264038114
delta_x = 0.1640000000
delta_t = 0.6200000000

!!!!!!!! Propagation velocity = 264.516129 cm/s !!!!!!!!!!

=============================================================



[!] Propagation velocity! Id = 121
t1 = 7.8900000000
dvdt[111] = 1.3771221166

t2 = 8.8900000000
dvdt[121] = 1.0202148264
delta_x = 0.1640000000
delta_t = 1.0000000000

!!!!!!!! Propagation velocity = 164.000000 cm/s !!!!!!!!!!

=============================================================



[!] Propagation velocity! Id = 178
t1 = 11.7000000000
dvdt[168] = 1.4236723540

t2 = 12.3200000000
dvdt[178] = 1.4254304356
delta_x = 0.1640007221
delta_t = 0.6200000000

!!!!!!!! Propagation velocity = 264.517294 cm/s !!!!!!!!!!

=============================================================



[!] Propagation velocity! Id = 297
t1 = 11.5800000000
dvdt[287] = 1.4230421386

t2 = 12.2000000000
dvdt[297] = 1.4247613974
delta_x = 0.1639998561
delta_t = 0.6200000000

!!!!!!!! Propagation velocity = 264.515897 cm/s !!!!!!!!!!

=============================================================



[!] Propagation velocity! Id = 242
t1 = 15.7200000000
dvdt[232] = 1.2990072943

t2 = 16.4700000000
dvdt[242] = 0.0229556911
delta_x = 0.1639998561
delta_t = 0.7500000000

!!!!!!!! Propagation velocity = 218.666475 cm/s !!!!!!!!!!

=============================================================



[!] Propagation velocity! Id = 363
t1 = 15.7200000000
dvdt[353] = 1.2990072943

t2 = 16.4700000000
dvdt[363] = 0.0229556911
delta_x = 0.1639998561
delta_t = 0.7500000000

!!!!!!!! Propagation velocity = 218.666475 cm/s !!!!!!!!!!

=============================================================

