

[!] Propagation velocity! Id = 30
t1 = 2.2800000000
dvdt[25] = 3.5330672225

t2 = 2.5600000000
dvdt[30] = 3.5136277743
delta_x = 0.0820000000
delta_t = 0.2800000000

!!!!!!!! Propagation velocity = 292.857143 cm/s !!!!!!!!!!

=============================================================



[!] Propagation velocity! Id = 60
t1 = 4.1700000000
dvdt[55] = 3.5183111629

t2 = 4.4600000000
dvdt[60] = 3.5166915672
delta_x = 0.0819999280
delta_t = 0.2900000000

!!!!!!!! Propagation velocity = 282.758373 cm/s !!!!!!!!!!

=============================================================



[!] Propagation velocity! Id = 180
t1 = 4.1700000000
dvdt[175] = 3.5183111629

t2 = 4.4600000000
dvdt[180] = 3.5166915672
delta_x = 0.0819999280
delta_t = 0.2900000000

!!!!!!!! Propagation velocity = 282.758373 cm/s !!!!!!!!!!

=============================================================



[!] Propagation velocity! Id = 100
t1 = 6.6600000000
dvdt[95] = 3.5122465711

t2 = 6.9500000000
dvdt[100] = 3.5088902163
delta_x = 0.0820000000
delta_t = 0.2900000000

!!!!!!!! Propagation velocity = 282.758621 cm/s !!!!!!!!!!

=============================================================



[!] Propagation velocity! Id = 140
t1 = 6.6600000000
dvdt[135] = 3.5122465711

t2 = 6.9500000000
dvdt[140] = 3.5088902163
delta_x = 0.0819999280
delta_t = 0.2900000000

!!!!!!!! Propagation velocity = 282.758373 cm/s !!!!!!!!!!

=============================================================



[!] Propagation velocity! Id = 220
t1 = 6.6600000000
dvdt[215] = 3.5122465711

t2 = 6.9500000000
dvdt[220] = 3.5088902163
delta_x = 0.0819999280
delta_t = 0.2900000000

!!!!!!!! Propagation velocity = 282.758373 cm/s !!!!!!!!!!

=============================================================



[!] Propagation velocity! Id = 260
t1 = 6.6600000000
dvdt[255] = 3.5122465711

t2 = 6.9500000000
dvdt[260] = 3.5088902163
delta_x = 0.0820000000
delta_t = 0.2900000000

!!!!!!!! Propagation velocity = 282.758621 cm/s !!!!!!!!!!

=============================================================



[!] Propagation velocity! Id = 120
t1 = 7.8300000000
dvdt[115] = 3.1469985231

t2 = 17.9100000000
dvdt[120] = 3.4224402658
delta_x = 0.0820000000
delta_t = 10.0800000000

!!!!!!!! Propagation velocity = 8.134921 cm/s !!!!!!!!!!

=============================================================



[!] Propagation velocity! Id = 160
t1 = 7.8300000000
dvdt[155] = 3.1469985231

t2 = 17.9100000000
dvdt[160] = 3.4224402658
delta_x = 0.0819999280
delta_t = 10.0800000000

!!!!!!!! Propagation velocity = 8.134913 cm/s !!!!!!!!!!

=============================================================



[!] Propagation velocity! Id = 240
t1 = 7.8300000000
dvdt[235] = 3.1469985231

t2 = 17.9100000000
dvdt[240] = 3.4224402657
delta_x = 0.0819999280
delta_t = 10.0800000000

!!!!!!!! Propagation velocity = 8.134913 cm/s !!!!!!!!!!

=============================================================



[!] Propagation velocity! Id = 280
t1 = 7.8300000000
dvdt[275] = 3.1469985231

t2 = 17.9100000000
dvdt[280] = 3.4224402656
delta_x = 0.0820000000
delta_t = 10.0800000000

!!!!!!!! Propagation velocity = 8.134921 cm/s !!!!!!!!!!

=============================================================

