

[!] Propagation velocity! Id = 59
t1 = 3.6800000000
dvdt[54] = 3.5004687001

t2 = 3.9300000000
dvdt[59] = 3.4967962334
delta_x = 0.0820000000
delta_t = 0.2500000000

!!!!!!!! Propagation velocity = 328.000000 cm/s !!!!!!!!!!

=============================================================



[!] Propagation velocity! Id = 119
t1 = 6.6500000000
dvdt[114] = 3.4947647788

t2 = 6.8900000000
dvdt[119] = 3.4896241574
delta_x = 0.0820000000
delta_t = 0.2400000000

!!!!!!!! Propagation velocity = 341.666667 cm/s !!!!!!!!!!

=============================================================



[!] Propagation velocity! Id = 232
t1 = 12.2500000000
dvdt[227] = 3.4937666072

t2 = 12.4900000000
dvdt[232] = 3.5292734891
delta_x = 0.0820000000
delta_t = 0.2400000000

!!!!!!!! Propagation velocity = 341.666667 cm/s !!!!!!!!!!

=============================================================



[!] Propagation velocity! Id = 242
t1 = 12.7300000000
dvdt[237] = 3.9250817375

t2 = 12.8600000000
dvdt[242] = 6.5616092319
delta_x = 0.0820000000
delta_t = 0.1300000000

!!!!!!!! Propagation velocity = 630.769231 cm/s !!!!!!!!!!

=============================================================

