

[!] Propagation velocity! Id = 50
t1 = 4.0100000000
dvdt[45] = 1.4489333840

t2 = 4.3500000000
dvdt[50] = 1.4336840549
delta_x = 0.0820000000
delta_t = 0.3400000000

!!!!!!!! Propagation velocity = 241.176471 cm/s !!!!!!!!!!

=============================================================



[!] Propagation velocity! Id = 90
t1 = 6.9100000000
dvdt[85] = 1.4576166732

t2 = 7.2700000000
dvdt[90] = 1.4583119209
delta_x = 0.0819999280
delta_t = 0.3600000000

!!!!!!!! Propagation velocity = 227.777578 cm/s !!!!!!!!!!

=============================================================



[!] Propagation velocity! Id = 150
t1 = 6.9100000000
dvdt[145] = 1.4576166732

t2 = 7.2700000000
dvdt[150] = 1.4583119209
delta_x = 0.0819999280
delta_t = 0.3600000000

!!!!!!!! Propagation velocity = 227.777578 cm/s !!!!!!!!!!

=============================================================



[!] Propagation velocity! Id = 120
t1 = 9.1000000000
dvdt[115] = 0.9199036435

t2 = 29.9100000000
dvdt[120] = 0.5977898309
delta_x = 0.0819999280
delta_t = 20.8100000000

!!!!!!!! Propagation velocity = 3.940410 cm/s !!!!!!!!!!

=============================================================



[!] Propagation velocity! Id = 180
t1 = 9.1000000000
dvdt[175] = 0.9199036435

t2 = 29.9100000000
dvdt[180] = 0.5977898308
delta_x = 0.0819999280
delta_t = 20.8100000000

!!!!!!!! Propagation velocity = 3.940410 cm/s !!!!!!!!!!

=============================================================

