

[!] Propagation velocity! Id = 50
t1 = 3.9100000000
dvdt[40] = 1.4489744108

t2 = 4.6700000000
dvdt[50] = 1.4486496277
delta_x = 0.2000000000
delta_t = 0.7600000000

!!!!!!!! Propagation velocity = 263.157895 cm/s !!!!!!!!!!

=============================================================



[!] Propagation velocity! Id = 100
t1 = 7.7300000000
dvdt[90] = 1.4487599063

t2 = 8.4900000000
dvdt[100] = 1.4486970195
delta_x = 0.2000000000
delta_t = 0.7600000000

!!!!!!!! Propagation velocity = 263.157895 cm/s !!!!!!!!!!

=============================================================



[!] Propagation velocity! Id = 150
t1 = 11.5500000000
dvdt[140] = 1.4502542239

t2 = 12.3200000000
dvdt[150] = 1.4511291222
delta_x = 0.2000000000
delta_t = 0.7700000000

!!!!!!!! Propagation velocity = 259.740260 cm/s !!!!!!!!!!

=============================================================



[!] Propagation velocity! Id = 200
t1 = 15.4000000000
dvdt[190] = 1.4019822003

t2 = 17.2500000000
dvdt[200] = 1.8560444033
delta_x = 0.2000000000
delta_t = 1.8500000000

!!!!!!!! Propagation velocity = 108.108108 cm/s !!!!!!!!!!

=============================================================

