

[!] Propagation velocity! Id = 59
t1 = 6.7900000000
dvdt[54] = 1.4510804506

t2 = 7.3700000000
dvdt[59] = 1.4508183026
delta_x = 0.0820000000
delta_t = 0.5800000000

!!!!!!!! Propagation velocity = 141.379310 cm/s !!!!!!!!!!

=============================================================



[!] Propagation velocity! Id = 119
t1 = 13.7400000000
dvdt[114] = 1.4464545694

t2 = 14.3200000000
dvdt[119] = 1.4457070752
delta_x = 0.0820000000
delta_t = 0.5800000000

!!!!!!!! Propagation velocity = 141.379310 cm/s !!!!!!!!!!

=============================================================



[!] Propagation velocity! Id = 178
t1 = 20.5500000000
dvdt[173] = 1.4365008378

t2 = 21.1200000000
dvdt[178] = 1.4358433541
delta_x = 0.0820000000
delta_t = 0.5700000000

!!!!!!!! Propagation velocity = 143.859649 cm/s !!!!!!!!!!

=============================================================



[!] Propagation velocity! Id = 242
t1 = 27.9800000000
dvdt[237] = 1.2615906581

t2 = 28.8500000000
dvdt[242] = 0.0035270348
delta_x = 0.0820000000
delta_t = 0.8700000000

!!!!!!!! Propagation velocity = 94.252874 cm/s !!!!!!!!!!

=============================================================

