

[!] Propagation velocity! Id = 50
t1 = 3.4700000000
dvdt[45] = 3.5040852312

t2 = 3.7600000000
dvdt[50] = 3.5038498075
delta_x = 0.0820000000
delta_t = 0.2900000000

!!!!!!!! Propagation velocity = 282.758621 cm/s !!!!!!!!!!

=============================================================



[!] Propagation velocity! Id = 90
t1 = 5.9300000000
dvdt[85] = 3.5106709117

t2 = 6.2400000000
dvdt[90] = 3.5138648420
delta_x = 0.0819999280
delta_t = 0.3100000000

!!!!!!!! Propagation velocity = 264.515897 cm/s !!!!!!!!!!

=============================================================



[!] Propagation velocity! Id = 150
t1 = 5.9300000000
dvdt[145] = 3.5106709117

t2 = 6.2400000000
dvdt[150] = 3.5138648420
delta_x = 0.0819999280
delta_t = 0.3100000000

!!!!!!!! Propagation velocity = 264.515897 cm/s !!!!!!!!!!

=============================================================



[!] Propagation velocity! Id = 120
t1 = 7.7700000000
dvdt[115] = 3.7470923276

t2 = 7.9600000000
dvdt[120] = 6.5157610817
delta_x = 0.0819999280
delta_t = 0.1900000000

!!!!!!!! Propagation velocity = 431.578569 cm/s !!!!!!!!!!

=============================================================



[!] Propagation velocity! Id = 180
t1 = 7.7700000000
dvdt[175] = 3.7470923276

t2 = 7.9600000000
dvdt[180] = 6.5157610817
delta_x = 0.0819999280
delta_t = 0.1900000000

!!!!!!!! Propagation velocity = 431.578569 cm/s !!!!!!!!!!

=============================================================

