

[!] Propagation velocity! Id = 59
t1 = 4.1200000000
dvdt[49] = 1.4487160858

t2 = 4.7500000000
dvdt[59] = 1.4485929389
delta_x = 0.1640000000
delta_t = 0.6300000000

!!!!!!!! Propagation velocity = 260.317460 cm/s !!!!!!!!!!

=============================================================



[!] Propagation velocity! Id = 121
t1 = 8.0100000000
dvdt[111] = 1.4027202992

t2 = 9.0300000000
dvdt[121] = 1.0387889006
delta_x = 0.1640000000
delta_t = 1.0200000000

!!!!!!!! Propagation velocity = 160.784314 cm/s !!!!!!!!!!

=============================================================



[!] Propagation velocity! Id = 178
t1 = 11.8800000000
dvdt[168] = 1.4520580562

t2 = 12.5100000000
dvdt[178] = 1.4530715165
delta_x = 0.1640007221
delta_t = 0.6300000000

!!!!!!!! Propagation velocity = 260.318606 cm/s !!!!!!!!!!

=============================================================



[!] Propagation velocity! Id = 297
t1 = 11.7500000000
dvdt[287] = 1.4518990244

t2 = 12.3800000000
dvdt[297] = 1.4529464759
delta_x = 0.1639998561
delta_t = 0.6300000000

!!!!!!!! Propagation velocity = 260.317232 cm/s !!!!!!!!!!

=============================================================



[!] Propagation velocity! Id = 242
t1 = 15.9500000000
dvdt[232] = 1.3170196198

t2 = 36.4900000000
dvdt[242] = 0.6141782584
delta_x = 0.1639998561
delta_t = 20.5400000000

!!!!!!!! Propagation velocity = 7.984414 cm/s !!!!!!!!!!

=============================================================



[!] Propagation velocity! Id = 363
t1 = 15.9500000000
dvdt[353] = 1.3170196198

t2 = 36.4900000000
dvdt[363] = 0.6141782584
delta_x = 0.1639998561
delta_t = 20.5400000000

!!!!!!!! Propagation velocity = 7.984414 cm/s !!!!!!!!!!

=============================================================

