

[!] Propagation velocity! Id = 25
t1 = 2.0100000000
dvdt[15] = 1.4562981062

t2 = 2.7700000000
dvdt[25] = 1.4517883187
delta_x = 0.2000000000
delta_t = 0.7600000000

!!!!!!!! Propagation velocity = 263.157895 cm/s !!!!!!!!!!

=============================================================



[!] Propagation velocity! Id = 50
t1 = 3.9300000000
dvdt[40] = 1.4289525153

t2 = 5.0900000000
dvdt[50] = 1.0321042888
delta_x = 0.2000000000
delta_t = 1.1600000000

!!!!!!!! Propagation velocity = 172.413793 cm/s !!!!!!!!!!

=============================================================



[!] Propagation velocity! Id = 75
t1 = 6.1400000000
dvdt[65] = 1.4539277985

t2 = 6.9100000000
dvdt[75] = 1.4566183639
delta_x = 0.1999999301
delta_t = 0.7700000000

!!!!!!!! Propagation velocity = 259.740169 cm/s !!!!!!!!!!

=============================================================



[!] Propagation velocity! Id = 125
t1 = 6.2200000000
dvdt[115] = 1.4544415789

t2 = 6.9900000000
dvdt[125] = 1.4565200618
delta_x = 0.1999999301
delta_t = 0.7700000000

!!!!!!!! Propagation velocity = 259.740169 cm/s !!!!!!!!!!

=============================================================



[!] Propagation velocity! Id = 99
t1 = 8.0000000000
dvdt[89] = 1.3959707145

t2 = 10.7900000000
dvdt[99] = 1.7436820279
delta_x = 0.1999999301
delta_t = 2.7900000000

!!!!!!!! Propagation velocity = 71.684563 cm/s !!!!!!!!!!

=============================================================



[!] Propagation velocity! Id = 148
t1 = 8.0000000000
dvdt[138] = 1.3959707145

t2 = 10.7900000000
dvdt[148] = 1.7436820279
delta_x = 0.1999999301
delta_t = 2.7900000000

!!!!!!!! Propagation velocity = 71.684563 cm/s !!!!!!!!!!

=============================================================

