

[!] Propagation velocity! Id = 59
t1 = 4.0500000000
dvdt[54] = 3.5177080184

t2 = 4.3500000000
dvdt[59] = 3.5174604676
delta_x = 0.0820000000
delta_t = 0.3000000000

!!!!!!!! Propagation velocity = 273.333333 cm/s !!!!!!!!!!

=============================================================



[!] Propagation velocity! Id = 119
t1 = 7.6500000000
dvdt[114] = 3.5122957543

t2 = 7.9500000000
dvdt[119] = 3.5110398431
delta_x = 0.0820000000
delta_t = 0.3000000000

!!!!!!!! Propagation velocity = 273.333333 cm/s !!!!!!!!!!

=============================================================



[!] Propagation velocity! Id = 178
t1 = 11.2000000000
dvdt[173] = 3.5151547305

t2 = 11.5000000000
dvdt[178] = 3.5156009197
delta_x = 0.0820000000
delta_t = 0.3000000000

!!!!!!!! Propagation velocity = 273.333333 cm/s !!!!!!!!!!

=============================================================



[!] Propagation velocity! Id = 242
t1 = 15.0600000000
dvdt[237] = 3.1747979689

t2 = 32.1500000000
dvdt[242] = 2.7370626963
delta_x = 0.0820000000
delta_t = 17.0900000000

!!!!!!!! Propagation velocity = 4.798128 cm/s !!!!!!!!!!

=============================================================

