

[!] Propagation velocity! Id = 100
t1 = 4.7700000000
dvdt[90] = 3.4858863884

t2 = 5.1400000000
dvdt[100] = 3.4876607874
delta_x = 0.1000000000
delta_t = 0.3700000000

!!!!!!!! Propagation velocity = 270.270270 cm/s !!!!!!!!!!

=============================================================



[!] Propagation velocity! Id = 200
t1 = 8.4800000000
dvdt[190] = 3.4892915189

t2 = 8.8500000000
dvdt[200] = 3.4904936560
delta_x = 0.1000000000
delta_t = 0.3700000000

!!!!!!!! Propagation velocity = 270.270270 cm/s !!!!!!!!!!

=============================================================



[!] Propagation velocity! Id = 300
t1 = 12.1800000000
dvdt[290] = 3.4915547189

t2 = 12.5500000000
dvdt[300] = 3.4920891341
delta_x = 0.1000000000
delta_t = 0.3700000000

!!!!!!!! Propagation velocity = 270.270270 cm/s !!!!!!!!!!

=============================================================



[!] Propagation velocity! Id = 400
t1 = 15.8800000000
dvdt[390] = 3.3369732255

t2 = 16.3400000000
dvdt[400] = 0.0913750791
delta_x = 0.1000000000
delta_t = 0.4600000000

!!!!!!!! Propagation velocity = 217.391304 cm/s !!!!!!!!!!

=============================================================

