

[!] Propagation velocity! Id = 59
t1 = 4.4900000000
dvdt[54] = 1.4477725313

t2 = 4.8100000000
dvdt[59] = 1.4476772431
delta_x = 0.0820000000
delta_t = 0.3200000000

!!!!!!!! Propagation velocity = 256.250000 cm/s !!!!!!!!!!

=============================================================



[!] Propagation velocity! Id = 119
t1 = 8.3500000000
dvdt[114] = 1.4480358769

t2 = 8.6700000000
dvdt[119] = 1.4480612867
delta_x = 0.0820000000
delta_t = 0.3200000000

!!!!!!!! Propagation velocity = 256.250000 cm/s !!!!!!!!!!

=============================================================



[!] Propagation velocity! Id = 178
t1 = 12.1500000000
dvdt[173] = 1.4505926482

t2 = 12.4700000000
dvdt[178] = 1.4508095606
delta_x = 0.0820000000
delta_t = 0.3200000000

!!!!!!!! Propagation velocity = 256.250000 cm/s !!!!!!!!!!

=============================================================



[!] Propagation velocity! Id = 242
t1 = 16.3500000000
dvdt[237] = 0.8861697590

t2 = 19.5300000000
dvdt[242] = 1.6937795929
delta_x = 0.0820000000
delta_t = 3.1800000000

!!!!!!!! Propagation velocity = 25.786164 cm/s !!!!!!!!!!

=============================================================

