

[!] Propagation velocity! Id = 59
t1 = 4.1200000000
dvdt[49] = 1.4479959821

t2 = 4.7400000000
dvdt[59] = 1.4480528720
delta_x = 0.1640000000
delta_t = 0.6200000000

!!!!!!!! Propagation velocity = 264.516129 cm/s !!!!!!!!!!

=============================================================



[!] Propagation velocity! Id = 121
t1 = 8.0100000000
dvdt[111] = 1.4018655036

t2 = 9.0200000000
dvdt[121] = 1.0382420239
delta_x = 0.1640000000
delta_t = 1.0100000000

!!!!!!!! Propagation velocity = 162.376238 cm/s !!!!!!!!!!

=============================================================



[!] Propagation velocity! Id = 178
t1 = 11.8700000000
dvdt[168] = 1.4508427959

t2 = 12.5000000000
dvdt[178] = 1.4517743626
delta_x = 0.1640007221
delta_t = 0.6300000000

!!!!!!!! Propagation velocity = 260.318606 cm/s !!!!!!!!!!

=============================================================



[!] Propagation velocity! Id = 297
t1 = 11.7400000000
dvdt[287] = 1.4505285445

t2 = 12.3700000000
dvdt[297] = 1.4515981151
delta_x = 0.1639998561
delta_t = 0.6300000000

!!!!!!!! Propagation velocity = 260.317232 cm/s !!!!!!!!!!

=============================================================



[!] Propagation velocity! Id = 242
t1 = 15.9400000000
dvdt[232] = 1.3243222432

t2 = 21.5800000000
dvdt[242] = 1.4310359680
delta_x = 0.1639998561
delta_t = 5.6400000000

!!!!!!!! Propagation velocity = 29.077989 cm/s !!!!!!!!!!

=============================================================



[!] Propagation velocity! Id = 363
t1 = 15.9400000000
dvdt[353] = 1.3243222432

t2 = 21.5800000000
dvdt[363] = 1.4310359680
delta_x = 0.1639998561
delta_t = 5.6400000000

!!!!!!!! Propagation velocity = 29.077989 cm/s !!!!!!!!!!

=============================================================

