

[!] Propagation velocity! Id = 125
t1 = 9.6400000000
dvdt[115] = 1.4483609190

t2 = 10.4000000000
dvdt[125] = 1.4483269683
delta_x = 0.2000000000
delta_t = 0.7600000000

!!!!!!!! Propagation velocity = 263.157895 cm/s !!!!!!!!!!

=============================================================



[!] Propagation velocity! Id = 250
t1 = 19.1800000000
dvdt[240] = 1.4481742090

t2 = 19.9500000000
dvdt[250] = 1.4484357324
delta_x = 0.2000000000
delta_t = 0.7700000000

!!!!!!!! Propagation velocity = 259.740260 cm/s !!!!!!!!!!

=============================================================



[!] Propagation velocity! Id = 375
t1 = 28.7300000000
dvdt[365] = 1.4489012262

t2 = 29.5000000000
dvdt[375] = 1.4491452396
delta_x = 0.2000000000
delta_t = 0.7700000000

!!!!!!!! Propagation velocity = 259.740260 cm/s !!!!!!!!!!

=============================================================



[!] Propagation velocity! Id = 500
t1 = 38.3400000000
dvdt[490] = 1.3961069266

t2 = 41.1200000000
dvdt[500] = 1.7440002715
delta_x = 0.2000000000
delta_t = 2.7800000000

!!!!!!!! Propagation velocity = 71.942446 cm/s !!!!!!!!!!

=============================================================

