

[!] Propagation velocity! Id = 59
t1 = 5.0400000000
dvdt[54] = 3.5564704487

t2 = 5.4500000000
dvdt[59] = 3.5629310426
delta_x = 0.0820000000
delta_t = 0.4100000000

!!!!!!!! Propagation velocity = 200.000000 cm/s !!!!!!!!!!

=============================================================



[!] Propagation velocity! Id = 119
t1 = 9.9900000000
dvdt[114] = 3.5658180566

t2 = 10.4000000000
dvdt[119] = 3.5686968063
delta_x = 0.0820000000
delta_t = 0.4100000000

!!!!!!!! Propagation velocity = 200.000000 cm/s !!!!!!!!!!

=============================================================



[!] Propagation velocity! Id = 178
t1 = 14.8000000000
dvdt[173] = 3.6022308215

t2 = 15.2000000000
dvdt[178] = 3.6052087769
delta_x = 0.0820000000
delta_t = 0.4000000000

!!!!!!!! Propagation velocity = 205.000000 cm/s !!!!!!!!!!

=============================================================



[!] Propagation velocity! Id = 242
t1 = 19.8100000000
dvdt[237] = 3.4723611314

t2 = 20.2400000000
dvdt[242] = 0.0515035303
delta_x = 0.0820000000
delta_t = 0.4300000000

!!!!!!!! Propagation velocity = 190.697674 cm/s !!!!!!!!!!

=============================================================

