

[!] Propagation velocity! Id = 59
t1 = 4.2000000000
dvdt[54] = 3.5340072000

t2 = 4.5200000000
dvdt[59] = 3.5346054077
delta_x = 0.0820000000
delta_t = 0.3200000000

!!!!!!!! Propagation velocity = 256.250000 cm/s !!!!!!!!!!

=============================================================



[!] Propagation velocity! Id = 119
t1 = 8.0200000000
dvdt[114] = 3.5652153323

t2 = 8.3300000000
dvdt[119] = 3.5731578097
delta_x = 0.0820000000
delta_t = 0.3100000000

!!!!!!!! Propagation velocity = 264.516129 cm/s !!!!!!!!!!

=============================================================



[!] Propagation velocity! Id = 178
t1 = 11.6100000000
dvdt[173] = 3.5909524158

t2 = 11.9000000000
dvdt[178] = 3.5473097958
delta_x = 0.0820000000
delta_t = 0.2900000000

!!!!!!!! Propagation velocity = 282.758621 cm/s !!!!!!!!!!

=============================================================



[!] Propagation velocity! Id = 242
t1 = 16.1400000000
dvdt[237] = 0.0887354743

t2 = 251.4100000000
dvdt[242] = 0.0000326408
delta_x = 0.0820000000
delta_t = 235.2700000000

!!!!!!!! Propagation velocity = 0.348536 cm/s !!!!!!!!!!

=============================================================

