

[!] Propagation velocity! Id = 29
t1 = 2.2600000000
dvdt[19] = 1.4487897652

t2 = 2.8800000000
dvdt[29] = 1.4511736865
delta_x = 0.1640000000
delta_t = 0.6200000000

!!!!!!!! Propagation velocity = 264.516129 cm/s !!!!!!!!!!

=============================================================



[!] Propagation velocity! Id = 59
t1 = 4.1400000000
dvdt[49] = 1.4527084781

t2 = 4.7700000000
dvdt[59] = 1.4536148059
delta_x = 0.1640000000
delta_t = 0.6300000000

!!!!!!!! Propagation velocity = 260.317460 cm/s !!!!!!!!!!

=============================================================



[!] Propagation velocity! Id = 88
t1 = 5.9700000000
dvdt[78] = 1.4560493659

t2 = 6.6000000000
dvdt[88] = 1.4578634210
delta_x = 0.1640000000
delta_t = 0.6300000000

!!!!!!!! Propagation velocity = 260.317460 cm/s !!!!!!!!!!

=============================================================



[!] Propagation velocity! Id = 118
t1 = 7.8900000000
dvdt[108] = 1.3827002819

t2 = 28.2600000000
dvdt[118] = 0.5618705458
delta_x = 0.1640000000
delta_t = 20.3700000000

!!!!!!!! Propagation velocity = 8.051055 cm/s !!!!!!!!!!

=============================================================

