

[!] Propagation velocity! Id = 14
t1 = 1.4900000000
dvdt[4] = 1.5994230503

t2 = 2.0100000000
dvdt[14] = 1.4716780421
delta_x = 0.1640000000
delta_t = 0.5200000000

!!!!!!!! Propagation velocity = 315.384615 cm/s !!!!!!!!!!

=============================================================



[!] Propagation velocity! Id = 29
t1 = 2.3300000000
dvdt[19] = 1.4638673211

t2 = 2.9600000000
dvdt[29] = 1.4659976400
delta_x = 0.1640000000
delta_t = 0.6300000000

!!!!!!!! Propagation velocity = 260.317460 cm/s !!!!!!!!!!

=============================================================



[!] Propagation velocity! Id = 43
t1 = 3.2200000000
dvdt[33] = 1.4656461750

t2 = 3.8600000000
dvdt[43] = 1.4491055582
delta_x = 0.1640000000
delta_t = 0.6400000000

!!!!!!!! Propagation velocity = 256.250000 cm/s !!!!!!!!!!

=============================================================



[!] Propagation velocity! Id = 58
t1 = 4.1900000000
dvdt[48] = 1.3849996950

t2 = 4.6800000000
dvdt[58] = 0.3332136917
delta_x = 0.1640000000
delta_t = 0.4900000000

!!!!!!!! Propagation velocity = 334.693878 cm/s !!!!!!!!!!

=============================================================

