

[!] Propagation velocity! Id = 59
t1 = 4.1100000000
dvdt[49] = 1.4472105935

t2 = 4.7400000000
dvdt[59] = 1.4475860005
delta_x = 0.1640000000
delta_t = 0.6300000000

!!!!!!!! Propagation velocity = 260.317460 cm/s !!!!!!!!!!

=============================================================



[!] Propagation velocity! Id = 119
t1 = 7.8700000000
dvdt[109] = 1.4476617145

t2 = 8.5000000000
dvdt[119] = 1.4476117514
delta_x = 0.1640000000
delta_t = 0.6300000000

!!!!!!!! Propagation velocity = 260.317460 cm/s !!!!!!!!!!

=============================================================



[!] Propagation velocity! Id = 178
t1 = 11.5700000000
dvdt[168] = 1.4493247136

t2 = 12.2000000000
dvdt[178] = 1.4498389275
delta_x = 0.1640000000
delta_t = 0.6300000000

!!!!!!!! Propagation velocity = 260.317460 cm/s !!!!!!!!!!

=============================================================



[!] Propagation velocity! Id = 242
t1 = 15.6200000000
dvdt[232] = 1.3432733526

t2 = 17.5200000000
dvdt[242] = 1.8469086896
delta_x = 0.1640000000
delta_t = 1.9000000000

!!!!!!!! Propagation velocity = 86.315789 cm/s !!!!!!!!!!

=============================================================

