

[!] Propagation velocity! Id = 125
t1 = 9.6400000000
dvdt[115] = 1.4479493334

t2 = 10.4000000000
dvdt[125] = 1.4479940265
delta_x = 0.2000000000
delta_t = 0.7600000000

!!!!!!!! Propagation velocity = 263.157895 cm/s !!!!!!!!!!

=============================================================



[!] Propagation velocity! Id = 250
t1 = 19.1700000000
dvdt[240] = 1.4457681789

t2 = 19.9400000000
dvdt[250] = 1.4454237989
delta_x = 0.2000000000
delta_t = 0.7700000000

!!!!!!!! Propagation velocity = 259.740260 cm/s !!!!!!!!!!

=============================================================



[!] Propagation velocity! Id = 375
t1 = 28.6800000000
dvdt[365] = 1.4371769236

t2 = 29.4400000000
dvdt[375] = 1.4358877260
delta_x = 0.2000000000
delta_t = 0.7600000000

!!!!!!!! Propagation velocity = 263.157895 cm/s !!!!!!!!!!

=============================================================



[!] Propagation velocity! Id = 500
t1 = 38.1800000000
dvdt[490] = 1.3714231014

t2 = 83.1900000000
dvdt[500] = 0.3120957269
delta_x = 0.2000000000
delta_t = 45.0100000000

!!!!!!!! Propagation velocity = 4.443457 cm/s !!!!!!!!!!

=============================================================

