

[!] Propagation velocity! Id = 25
t1 = 2.6000000000
dvdt[15] = 1.3741727966

t2 = 2.9300000000
dvdt[25] = 1.4299011267
delta_x = 0.1000000000
delta_t = 0.3300000000

!!!!!!!! Propagation velocity = 303.030303 cm/s !!!!!!!!!!

=============================================================



[!] Propagation velocity! Id = 50
t1 = 3.4800000000
dvdt[40] = 1.4518626579

t2 = 3.8600000000
dvdt[50] = 1.4561958868
delta_x = 0.1000000000
delta_t = 0.3800000000

!!!!!!!! Propagation velocity = 263.157895 cm/s !!!!!!!!!!

=============================================================



[!] Propagation velocity! Id = 75
t1 = 4.4400000000
dvdt[65] = 1.4541460583

t2 = 4.8300000000
dvdt[75] = 1.4293965646
delta_x = 0.1000000000
delta_t = 0.3900000000

!!!!!!!! Propagation velocity = 256.410256 cm/s !!!!!!!!!!

=============================================================



[!] Propagation velocity! Id = 100
t1 = 5.4600000000
dvdt[90] = 0.9792096391

t2 = 6.1000000000
dvdt[100] = 0.0244453242
delta_x = 0.1000000000
delta_t = 0.6400000000

!!!!!!!! Propagation velocity = 156.250000 cm/s !!!!!!!!!!

=============================================================

