

[!] Propagation velocity! Id = 100
t1 = 5.2200000000
dvdt[90] = 1.4450528984

t2 = 5.6000000000
dvdt[100] = 1.4454325824
delta_x = 0.1000000000
delta_t = 0.3800000000

!!!!!!!! Propagation velocity = 263.157895 cm/s !!!!!!!!!!

=============================================================



[!] Propagation velocity! Id = 200
t1 = 9.0300000000
dvdt[190] = 1.4465973067

t2 = 9.4100000000
dvdt[200] = 1.4466615092
delta_x = 0.1000000000
delta_t = 0.3800000000

!!!!!!!! Propagation velocity = 263.157895 cm/s !!!!!!!!!!

=============================================================



[!] Propagation velocity! Id = 300
t1 = 12.8500000000
dvdt[290] = 1.4494595038

t2 = 13.2400000000
dvdt[300] = 1.4502289647
delta_x = 0.1000000000
delta_t = 0.3900000000

!!!!!!!! Propagation velocity = 256.410256 cm/s !!!!!!!!!!

=============================================================



[!] Propagation velocity! Id = 400
t1 = 16.7600000000
dvdt[390] = 1.0168088884

t2 = 21.3500000000
dvdt[400] = 1.5177713521
delta_x = 0.1000000000
delta_t = 4.5900000000

!!!!!!!! Propagation velocity = 21.786492 cm/s !!!!!!!!!!

=============================================================

