

[!] Propagation velocity! Id = 100
t1 = 5.2200000000
dvdt[90] = 1.4448542521

t2 = 5.6000000000
dvdt[100] = 1.4452396074
delta_x = 0.1000000000
delta_t = 0.3800000000

!!!!!!!! Propagation velocity = 263.157895 cm/s !!!!!!!!!!

=============================================================



[!] Propagation velocity! Id = 200
t1 = 9.0300000000
dvdt[190] = 1.4463163198

t2 = 9.4100000000
dvdt[200] = 1.4464347342
delta_x = 0.1000000000
delta_t = 0.3800000000

!!!!!!!! Propagation velocity = 263.157895 cm/s !!!!!!!!!!

=============================================================



[!] Propagation velocity! Id = 300
t1 = 12.8500000000
dvdt[290] = 1.4489305037

t2 = 13.2300000000
dvdt[300] = 1.4493069008
delta_x = 0.1000000000
delta_t = 0.3800000000

!!!!!!!! Propagation velocity = 263.157895 cm/s !!!!!!!!!!

=============================================================



[!] Propagation velocity! Id = 400
t1 = 16.7500000000
dvdt[390] = 1.0487249092

t2 = 19.1000000000
dvdt[400] = 1.7849710899
delta_x = 0.1000000000
delta_t = 2.3500000000

!!!!!!!! Propagation velocity = 42.553191 cm/s !!!!!!!!!!

=============================================================

