

[!] Propagation velocity! Id = 50
t1 = 3.9100000000
dvdt[40] = 1.4490140621

t2 = 4.6700000000
dvdt[50] = 1.4486804486
delta_x = 0.2000000000
delta_t = 0.7600000000

!!!!!!!! Propagation velocity = 263.157895 cm/s !!!!!!!!!!

=============================================================



[!] Propagation velocity! Id = 100
t1 = 7.7300000000
dvdt[90] = 1.4489434943

t2 = 8.4900000000
dvdt[100] = 1.4488453852
delta_x = 0.2000000000
delta_t = 0.7600000000

!!!!!!!! Propagation velocity = 263.157895 cm/s !!!!!!!!!!

=============================================================



[!] Propagation velocity! Id = 150
t1 = 11.5600000000
dvdt[140] = 1.4507488919

t2 = 12.3200000000
dvdt[150] = 1.4520813916
delta_x = 0.2000000000
delta_t = 0.7600000000

!!!!!!!! Propagation velocity = 263.157895 cm/s !!!!!!!!!!

=============================================================



[!] Propagation velocity! Id = 200
t1 = 15.4200000000
dvdt[190] = 1.3935366166

t2 = 18.2000000000
dvdt[200] = 1.7839703492
delta_x = 0.2000000000
delta_t = 2.7800000000

!!!!!!!! Propagation velocity = 71.942446 cm/s !!!!!!!!!!

=============================================================

