

[!] Propagation velocity! Id = 59
t1 = 4.1200000000
dvdt[49] = 1.4474597620

t2 = 4.7400000000
dvdt[59] = 1.4477690690
delta_x = 0.1640000000
delta_t = 0.6200000000

!!!!!!!! Propagation velocity = 264.516129 cm/s !!!!!!!!!!

=============================================================



[!] Propagation velocity! Id = 119
t1 = 7.8700000000
dvdt[109] = 1.4480264383

t2 = 8.5000000000
dvdt[119] = 1.4482818759
delta_x = 0.1640000000
delta_t = 0.6300000000

!!!!!!!! Propagation velocity = 260.317460 cm/s !!!!!!!!!!

=============================================================



[!] Propagation velocity! Id = 178
t1 = 11.5700000000
dvdt[168] = 1.4504893081

t2 = 12.2000000000
dvdt[178] = 1.4515285190
delta_x = 0.1640000000
delta_t = 0.6300000000

!!!!!!!! Propagation velocity = 260.317460 cm/s !!!!!!!!!!

=============================================================



[!] Propagation velocity! Id = 242
t1 = 15.6400000000
dvdt[232] = 1.3243354644

t2 = 21.2800000000
dvdt[242] = 1.4314859084
delta_x = 0.1640000000
delta_t = 5.6400000000

!!!!!!!! Propagation velocity = 29.078014 cm/s !!!!!!!!!!

=============================================================

