

[!] Propagation velocity! Id = 25
t1 = 2.5500000000
dvdt[15] = 1.3749566771

t2 = 2.8800000000
dvdt[25] = 1.4275434531
delta_x = 0.1000000000
delta_t = 0.3300000000

!!!!!!!! Propagation velocity = 303.030303 cm/s !!!!!!!!!!

=============================================================



[!] Propagation velocity! Id = 50
t1 = 3.4300000000
dvdt[40] = 1.4484545111

t2 = 3.8100000000
dvdt[50] = 1.4526537972
delta_x = 0.1000000000
delta_t = 0.3800000000

!!!!!!!! Propagation velocity = 263.157895 cm/s !!!!!!!!!!

=============================================================



[!] Propagation velocity! Id = 75
t1 = 4.3800000000
dvdt[65] = 1.4511292256

t2 = 4.7700000000
dvdt[75] = 1.4279053752
delta_x = 0.1000000000
delta_t = 0.3900000000

!!!!!!!! Propagation velocity = 256.410256 cm/s !!!!!!!!!!

=============================================================



[!] Propagation velocity! Id = 100
t1 = 5.4000000000
dvdt[90] = 1.0002759955

t2 = 17.3200000000
dvdt[100] = 0.9796592807
delta_x = 0.1000000000
delta_t = 11.9200000000

!!!!!!!! Propagation velocity = 8.389262 cm/s !!!!!!!!!!

=============================================================

