

[!] Propagation velocity! Id = 12
t1 = 1.1700000000
dvdt[2] = 3.8898540559

t2 = 1.5800000000
dvdt[12] = 3.6621614565
delta_x = 0.2000000000
delta_t = 0.4100000000

!!!!!!!! Propagation velocity = 487.804878 cm/s !!!!!!!!!!

=============================================================



[!] Propagation velocity! Id = 25
t1 = 1.7300000000
dvdt[15] = 3.6113580313

t2 = 2.2500000000
dvdt[25] = 3.5547695561
delta_x = 0.2000000000
delta_t = 0.5200000000

!!!!!!!! Propagation velocity = 384.615385 cm/s !!!!!!!!!!

=============================================================



[!] Propagation velocity! Id = 37
t1 = 2.3500000000
dvdt[27] = 3.5465178770

t2 = 2.8700000000
dvdt[37] = 3.5246980795
delta_x = 0.2000000000
delta_t = 0.5200000000

!!!!!!!! Propagation velocity = 384.615385 cm/s !!!!!!!!!!

=============================================================



[!] Propagation velocity! Id = 50
t1 = 3.0300000000
dvdt[40] = 3.5025878730

t2 = 45.6700000000
dvdt[50] = 2.6560263629
delta_x = 0.2000000000
delta_t = 42.6400000000

!!!!!!!! Propagation velocity = 4.690432 cm/s !!!!!!!!!!

=============================================================

