

[!] Propagation velocity! Id = 25
t1 = 2.7800000000
dvdt[15] = 3.7153946172

t2 = 3.0100000000
dvdt[25] = 3.6458823768
delta_x = 0.1000000000
delta_t = 0.2300000000

!!!!!!!! Propagation velocity = 434.782609 cm/s !!!!!!!!!!

=============================================================



[!] Propagation velocity! Id = 50
t1 = 3.3700000000
dvdt[40] = 3.5752491456

t2 = 3.6200000000
dvdt[50] = 3.5468817213
delta_x = 0.1000000000
delta_t = 0.2500000000

!!!!!!!! Propagation velocity = 400.000000 cm/s !!!!!!!!!!

=============================================================



[!] Propagation velocity! Id = 75
t1 = 4.0100000000
dvdt[65] = 3.5175500527

t2 = 4.2600000000
dvdt[75] = 3.4996417842
delta_x = 0.1000000000
delta_t = 0.2500000000

!!!!!!!! Propagation velocity = 400.000000 cm/s !!!!!!!!!!

=============================================================



[!] Propagation velocity! Id = 100
t1 = 4.6700000000
dvdt[90] = 3.0023728029

t2 = 4.8300000000
dvdt[100] = 0.0223973470
delta_x = 0.1000000000
delta_t = 0.1600000000

!!!!!!!! Propagation velocity = 625.000000 cm/s !!!!!!!!!!

=============================================================

