

[!] Propagation velocity! Id = 59
t1 = 4.8500000000
dvdt[54] = 1.4487520623

t2 = 5.2200000000
dvdt[59] = 1.4488557299
delta_x = 0.0820000000
delta_t = 0.3700000000

!!!!!!!! Propagation velocity = 221.621622 cm/s !!!!!!!!!!

=============================================================



[!] Propagation velocity! Id = 119
t1 = 9.2600000000
dvdt[114] = 1.4487312114

t2 = 9.6200000000
dvdt[119] = 1.4491057471
delta_x = 0.0820000000
delta_t = 0.3600000000

!!!!!!!! Propagation velocity = 227.777778 cm/s !!!!!!!!!!

=============================================================



[!] Propagation velocity! Id = 178
t1 = 13.5900000000
dvdt[173] = 1.4518692035

t2 = 13.9600000000
dvdt[178] = 1.4524242793
delta_x = 0.0820000000
delta_t = 0.3700000000

!!!!!!!! Propagation velocity = 221.621622 cm/s !!!!!!!!!!

=============================================================



[!] Propagation velocity! Id = 242
t1 = 18.3900000000
dvdt[237] = 0.9529714005

t2 = 34.2800000000
dvdt[242] = 0.7882394502
delta_x = 0.0820000000
delta_t = 15.8900000000

!!!!!!!! Propagation velocity = 5.160478 cm/s !!!!!!!!!!

=============================================================

