

[!] Propagation velocity! Id = 59
t1 = 3.9100000000
dvdt[54] = 3.5069574324

t2 = 4.1900000000
dvdt[59] = 3.5015353761
delta_x = 0.0820000000
delta_t = 0.2800000000

!!!!!!!! Propagation velocity = 292.857143 cm/s !!!!!!!!!!

=============================================================



[!] Propagation velocity! Id = 119
t1 = 7.3000000000
dvdt[114] = 3.5076725700

t2 = 7.5800000000
dvdt[119] = 3.5054631725
delta_x = 0.0820000000
delta_t = 0.2800000000

!!!!!!!! Propagation velocity = 292.857143 cm/s !!!!!!!!!!

=============================================================



[!] Propagation velocity! Id = 178
t1 = 10.6300000000
dvdt[173] = 3.4985649124

t2 = 10.9200000000
dvdt[178] = 3.5032465984
delta_x = 0.0820000000
delta_t = 0.2900000000

!!!!!!!! Propagation velocity = 282.758621 cm/s !!!!!!!!!!

=============================================================



[!] Propagation velocity! Id = 242
t1 = 14.2700000000
dvdt[237] = 3.1431859539

t2 = 15.7900000000
dvdt[242] = 4.7352171985
delta_x = 0.0820000000
delta_t = 1.5200000000

!!!!!!!! Propagation velocity = 53.947368 cm/s !!!!!!!!!!

=============================================================

