

[!] Propagation velocity! Id = 59
t1 = 4.3500000000
dvdt[54] = 3.5257753948

t2 = 4.6800000000
dvdt[59] = 3.5244499614
delta_x = 0.0820000000
delta_t = 0.3300000000

!!!!!!!! Propagation velocity = 248.484848 cm/s !!!!!!!!!!

=============================================================



[!] Propagation velocity! Id = 119
t1 = 8.3800000000
dvdt[114] = 3.5187821395

t2 = 8.7200000000
dvdt[119] = 3.5271523547
delta_x = 0.0820000000
delta_t = 0.3400000000

!!!!!!!! Propagation velocity = 241.176471 cm/s !!!!!!!!!!

=============================================================



[!] Propagation velocity! Id = 178
t1 = 12.3600000000
dvdt[173] = 3.5247523732

t2 = 12.6900000000
dvdt[178] = 3.5222364715
delta_x = 0.0820000000
delta_t = 0.3300000000

!!!!!!!! Propagation velocity = 248.484848 cm/s !!!!!!!!!!

=============================================================



[!] Propagation velocity! Id = 242
t1 = 16.6800000000
dvdt[237] = 3.2869676077

t2 = 28.0200000000
dvdt[242] = 3.3069292539
delta_x = 0.0820000000
delta_t = 11.3400000000

!!!!!!!! Propagation velocity = 7.231041 cm/s !!!!!!!!!!

=============================================================

