

[!] Propagation velocity! Id = 147
t1 = 15.5900000000
dvdt[137] = 1.0387890232

t2 = 15.7800000000
dvdt[147] = 1.1218595223
delta_x = 0.0680000000
delta_t = 0.1900000000

!!!!!!!! Propagation velocity = 357.894737 cm/s !!!!!!!!!!

=============================================================



[!] Propagation velocity! Id = 294
t1 = 19.1400000000
dvdt[284] = 1.1475957786

t2 = 19.7400000000
dvdt[294] = 1.0339523268
delta_x = 0.0680000000
delta_t = 0.6000000000

!!!!!!!! Propagation velocity = 113.333333 cm/s !!!!!!!!!!

=============================================================



[!] Propagation velocity! Id = 441
t1 = 23.1500000000
dvdt[431] = 1.4210693824

t2 = 23.4100000000
dvdt[441] = 1.4218810601
delta_x = 0.0680002360
delta_t = 0.2600000000

!!!!!!!! Propagation velocity = 261.539369 cm/s !!!!!!!!!!

=============================================================



[!] Propagation velocity! Id = 735
t1 = 23.1500000000
dvdt[725] = 1.4210693824

t2 = 23.4100000000
dvdt[735] = 1.4218810601
delta_x = 0.0680002360
delta_t = 0.2600000000

!!!!!!!! Propagation velocity = 261.539369 cm/s !!!!!!!!!!

=============================================================



[!] Propagation velocity! Id = 588
t1 = 26.9400000000
dvdt[578] = 0.6773380005

t2 = 27.3600000000
dvdt[588] = 0.0190954099
delta_x = 0.0680002360
delta_t = 0.4200000000

!!!!!!!! Propagation velocity = 161.905324 cm/s !!!!!!!!!!

=============================================================



[!] Propagation velocity! Id = 882
t1 = 26.9400000000
dvdt[872] = 0.6773380005

t2 = 27.3600000000
dvdt[882] = 0.0190954099
delta_x = 0.0680002360
delta_t = 0.4200000000

!!!!!!!! Propagation velocity = 161.905324 cm/s !!!!!!!!!!

=============================================================

