

[!] Propagation velocity! Id = 59
t1 = 4.1300000000
dvdt[54] = 3.5191676338

t2 = 4.4400000000
dvdt[59] = 3.5198043072
delta_x = 0.0820000000
delta_t = 0.3100000000

!!!!!!!! Propagation velocity = 264.516129 cm/s !!!!!!!!!!

=============================================================



[!] Propagation velocity! Id = 119
t1 = 7.8500000000
dvdt[114] = 3.5254347493

t2 = 8.1600000000
dvdt[119] = 3.5254012000
delta_x = 0.0820000000
delta_t = 0.3100000000

!!!!!!!! Propagation velocity = 264.516129 cm/s !!!!!!!!!!

=============================================================



[!] Propagation velocity! Id = 178
t1 = 11.4900000000
dvdt[173] = 3.5252628458

t2 = 11.8000000000
dvdt[178] = 3.5317044128
delta_x = 0.0820000000
delta_t = 0.3100000000

!!!!!!!! Propagation velocity = 264.516129 cm/s !!!!!!!!!!

=============================================================



[!] Propagation velocity! Id = 242
t1 = 15.4400000000
dvdt[237] = 3.2390661660

t2 = 15.8300000000
dvdt[242] = 0.0801666664
delta_x = 0.0820000000
delta_t = 0.3900000000

!!!!!!!! Propagation velocity = 210.256410 cm/s !!!!!!!!!!

=============================================================

