

[!] Propagation velocity! Id = 125
t1 = 9.6400000000
dvdt[115] = 1.4479219318

t2 = 10.4000000000
dvdt[125] = 1.4479697382
delta_x = 0.2000000000
delta_t = 0.7600000000

!!!!!!!! Propagation velocity = 263.157895 cm/s !!!!!!!!!!

=============================================================



[!] Propagation velocity! Id = 250
t1 = 19.1800000000
dvdt[240] = 1.4216383758

t2 = 20.3200000000
dvdt[250] = 1.0267392154
delta_x = 0.2000000000
delta_t = 1.1400000000

!!!!!!!! Propagation velocity = 175.438596 cm/s !!!!!!!!!!

=============================================================



[!] Propagation velocity! Id = 375
t1 = 28.9600000000
dvdt[365] = 1.4369124556

t2 = 29.7200000000
dvdt[375] = 1.4359067999
delta_x = 0.2000007961
delta_t = 0.7600000000

!!!!!!!! Propagation velocity = 263.158942 cm/s !!!!!!!!!!

=============================================================



[!] Propagation velocity! Id = 625
t1 = 28.9600000000
dvdt[615] = 1.4369124556

t2 = 29.7200000000
dvdt[625] = 1.4359067999
delta_x = 0.2000007961
delta_t = 0.7600000000

!!!!!!!! Propagation velocity = 263.158942 cm/s !!!!!!!!!!

=============================================================



[!] Propagation velocity! Id = 500
t1 = 38.4700000000
dvdt[490] = 1.3714262755

t2 = 83.4600000000
dvdt[500] = 0.3121621381
delta_x = 0.1999999301
delta_t = 44.9900000000

!!!!!!!! Propagation velocity = 4.445431 cm/s !!!!!!!!!!

=============================================================



[!] Propagation velocity! Id = 750
t1 = 38.4700000000
dvdt[740] = 1.3714262755

t2 = 83.4600000000
dvdt[750] = 0.3121621381
delta_x = 0.1999999301
delta_t = 44.9900000000

!!!!!!!! Propagation velocity = 4.445431 cm/s !!!!!!!!!!

=============================================================

