

[!] Propagation velocity! Id = 25
t1 = 2.0100000000
dvdt[15] = 1.4546130266

t2 = 2.7700000000
dvdt[25] = 1.4505072321
delta_x = 0.2000000000
delta_t = 0.7600000000

!!!!!!!! Propagation velocity = 263.157895 cm/s !!!!!!!!!!

=============================================================



[!] Propagation velocity! Id = 50
t1 = 3.9200000000
dvdt[40] = 1.4509211934

t2 = 4.6800000000
dvdt[50] = 1.4515819853
delta_x = 0.2000000000
delta_t = 0.7600000000

!!!!!!!! Propagation velocity = 263.157895 cm/s !!!!!!!!!!

=============================================================



[!] Propagation velocity! Id = 75
t1 = 5.8300000000
dvdt[65] = 1.4530095552

t2 = 6.6000000000
dvdt[75] = 1.4543970245
delta_x = 0.2000000000
delta_t = 0.7700000000

!!!!!!!! Propagation velocity = 259.740260 cm/s !!!!!!!!!!

=============================================================



[!] Propagation velocity! Id = 100
t1 = 7.7700000000
dvdt[90] = 1.4021888684

t2 = 9.6100000000
dvdt[100] = 1.8553044207
delta_x = 0.2000000000
delta_t = 1.8400000000

!!!!!!!! Propagation velocity = 108.695652 cm/s !!!!!!!!!!

=============================================================

