

[!] Propagation velocity! Id = 50
t1 = 3.9900000000
dvdt[45] = 1.4434145749

t2 = 4.3300000000
dvdt[50] = 1.4275880708
delta_x = 0.0820000000
delta_t = 0.3400000000

!!!!!!!! Propagation velocity = 241.176471 cm/s !!!!!!!!!!

=============================================================



[!] Propagation velocity! Id = 90
t1 = 6.8600000000
dvdt[85] = 1.4467049622

t2 = 7.2100000000
dvdt[90] = 1.4466135263
delta_x = 0.0819999280
delta_t = 0.3500000000

!!!!!!!! Propagation velocity = 234.285509 cm/s !!!!!!!!!!

=============================================================



[!] Propagation velocity! Id = 150
t1 = 6.8600000000
dvdt[145] = 1.4467049622

t2 = 7.2100000000
dvdt[150] = 1.4466135263
delta_x = 0.0819999280
delta_t = 0.3500000000

!!!!!!!! Propagation velocity = 234.285509 cm/s !!!!!!!!!!

=============================================================



[!] Propagation velocity! Id = 120
t1 = 8.9100000000
dvdt[115] = 1.8708621119

t2 = 9.0200000000
dvdt[120] = 2.4562168566
delta_x = 0.0819999280
delta_t = 0.1100000000

!!!!!!!! Propagation velocity = 745.453891 cm/s !!!!!!!!!!

=============================================================



[!] Propagation velocity! Id = 180
t1 = 8.9100000000
dvdt[175] = 1.8708621119

t2 = 9.0200000000
dvdt[180] = 2.4562168566
delta_x = 0.0819999280
delta_t = 0.1100000000

!!!!!!!! Propagation velocity = 745.453891 cm/s !!!!!!!!!!

=============================================================

