

[!] Propagation velocity! Id = 125
t1 = 9.6400000000
dvdt[115] = 1.4484688468

t2 = 10.4000000000
dvdt[125] = 1.4484084695
delta_x = 0.2000000000
delta_t = 0.7600000000

!!!!!!!! Propagation velocity = 263.157895 cm/s !!!!!!!!!!

=============================================================



[!] Propagation velocity! Id = 250
t1 = 19.1900000000
dvdt[240] = 1.4250735431

t2 = 20.3400000000
dvdt[250] = 1.0291798761
delta_x = 0.2000000000
delta_t = 1.1500000000

!!!!!!!! Propagation velocity = 173.913043 cm/s !!!!!!!!!!

=============================================================



[!] Propagation velocity! Id = 375
t1 = 29.0300000000
dvdt[365] = 1.4497004889

t2 = 29.7900000000
dvdt[375] = 1.4498426123
delta_x = 0.2000007961
delta_t = 0.7600000000

!!!!!!!! Propagation velocity = 263.158942 cm/s !!!!!!!!!!

=============================================================



[!] Propagation velocity! Id = 625
t1 = 29.0300000000
dvdt[615] = 1.4497004889

t2 = 29.7900000000
dvdt[625] = 1.4498426123
delta_x = 0.2000007961
delta_t = 0.7600000000

!!!!!!!! Propagation velocity = 263.158942 cm/s !!!!!!!!!!

=============================================================



[!] Propagation velocity! Id = 500
t1 = 38.6500000000
dvdt[490] = 1.3895318977

t2 = 51.3400000000
dvdt[500] = 0.9592503622
delta_x = 0.1999999301
delta_t = 12.6900000000

!!!!!!!! Propagation velocity = 15.760436 cm/s !!!!!!!!!!

=============================================================



[!] Propagation velocity! Id = 750
t1 = 38.6500000000
dvdt[740] = 1.3895318977

t2 = 51.3400000000
dvdt[750] = 0.9592503622
delta_x = 0.1999999301
delta_t = 12.6900000000

!!!!!!!! Propagation velocity = 15.760436 cm/s !!!!!!!!!!

=============================================================

