

[!] Propagation velocity! Id = 25
t1 = 2.7800000000
dvdt[15] = 3.7131346645

t2 = 3.0100000000
dvdt[25] = 3.6488300337
delta_x = 0.1000000000
delta_t = 0.2300000000

!!!!!!!! Propagation velocity = 434.782609 cm/s !!!!!!!!!!

=============================================================



[!] Propagation velocity! Id = 50
t1 = 3.3700000000
dvdt[40] = 3.5731249718

t2 = 3.6200000000
dvdt[50] = 3.5442559216
delta_x = 0.1000000000
delta_t = 0.2500000000

!!!!!!!! Propagation velocity = 400.000000 cm/s !!!!!!!!!!

=============================================================



[!] Propagation velocity! Id = 75
t1 = 4.0100000000
dvdt[65] = 3.5211576302

t2 = 4.2700000000
dvdt[75] = 3.4994725392
delta_x = 0.1000000000
delta_t = 0.2600000000

!!!!!!!! Propagation velocity = 384.615385 cm/s !!!!!!!!!!

=============================================================



[!] Propagation velocity! Id = 100
t1 = 4.6700000000
dvdt[90] = 3.0122413412

t2 = 4.8400000000
dvdt[100] = 0.0447011499
delta_x = 0.1000000000
delta_t = 0.1700000000

!!!!!!!! Propagation velocity = 588.235294 cm/s !!!!!!!!!!

=============================================================

