

[!] Propagation velocity! Id = 59
t1 = 4.5900000000
dvdt[54] = 1.4479228717

t2 = 4.9300000000
dvdt[59] = 1.4479828787
delta_x = 0.0820000000
delta_t = 0.3400000000

!!!!!!!! Propagation velocity = 241.176471 cm/s !!!!!!!!!!

=============================================================



[!] Propagation velocity! Id = 119
t1 = 8.6100000000
dvdt[114] = 1.4482092624

t2 = 8.9400000000
dvdt[119] = 1.4479729350
delta_x = 0.0820000000
delta_t = 0.3300000000

!!!!!!!! Propagation velocity = 248.484848 cm/s !!!!!!!!!!

=============================================================



[!] Propagation velocity! Id = 178
t1 = 12.5700000000
dvdt[173] = 1.4505792153

t2 = 12.9000000000
dvdt[178] = 1.4511778002
delta_x = 0.0820000000
delta_t = 0.3300000000

!!!!!!!! Propagation velocity = 248.484848 cm/s !!!!!!!!!!

=============================================================



[!] Propagation velocity! Id = 242
t1 = 16.9400000000
dvdt[237] = 0.9063187850

t2 = 20.8700000000
dvdt[242] = 1.6016009737
delta_x = 0.0820000000
delta_t = 3.9300000000

!!!!!!!! Propagation velocity = 20.865140 cm/s !!!!!!!!!!

=============================================================

