

[!] Propagation velocity! Id = 50
t1 = 3.3600000000
dvdt[40] = 1.4406882559

t2 = 3.7400000000
dvdt[50] = 1.4450858639
delta_x = 0.1000000000
delta_t = 0.3800000000

!!!!!!!! Propagation velocity = 263.157895 cm/s !!!!!!!!!!

=============================================================



[!] Propagation velocity! Id = 100
t1 = 5.2900000000
dvdt[90] = 1.2990870191

t2 = 6.0500000000
dvdt[100] = 1.0572618712
delta_x = 0.1000000000
delta_t = 0.7600000000

!!!!!!!! Propagation velocity = 131.578947 cm/s !!!!!!!!!!

=============================================================



[!] Propagation velocity! Id = 150
t1 = 7.4900000000
dvdt[140] = 1.4552636354

t2 = 7.8700000000
dvdt[150] = 1.4563802469
delta_x = 0.1000003981
delta_t = 0.3800000000

!!!!!!!! Propagation velocity = 263.158942 cm/s !!!!!!!!!!

=============================================================



[!] Propagation velocity! Id = 250
t1 = 7.5300000000
dvdt[240] = 1.4552100424

t2 = 7.9100000000
dvdt[250] = 1.4564830492
delta_x = 0.1000003981
delta_t = 0.3800000000

!!!!!!!! Propagation velocity = 263.158942 cm/s !!!!!!!!!!

=============================================================



[!] Propagation velocity! Id = 199
t1 = 9.4300000000
dvdt[189] = 1.0013699168

t2 = 21.4200000000
dvdt[199] = 0.9758114035
delta_x = 0.0999995320
delta_t = 11.9900000000

!!!!!!!! Propagation velocity = 8.340245 cm/s !!!!!!!!!!

=============================================================



[!] Propagation velocity! Id = 298
t1 = 9.4300000000
dvdt[288] = 1.0013699168

t2 = 21.4200000000
dvdt[298] = 0.9758114035
delta_x = 0.0999995320
delta_t = 11.9900000000

!!!!!!!! Propagation velocity = 8.340245 cm/s !!!!!!!!!!

=============================================================

