

[!] Propagation velocity! Id = 36
t1 = 2.0200000000
dvdt[26] = 0.1121888887

t2 = 2.0700000000
dvdt[36] = 0.0888204302
delta_x = 0.0680000000
delta_t = 0.0500000000

!!!!!!!! Propagation velocity = 1360.000000 cm/s !!!!!!!!!!

=============================================================



[!] Propagation velocity! Id = 73
t1 = 2.3600000000
dvdt[63] = 0.0456873932

t2 = 2.5600000000
dvdt[73] = 0.0356782885
delta_x = 0.0680000000
delta_t = 0.2000000000

!!!!!!!! Propagation velocity = 340.000000 cm/s !!!!!!!!!!

=============================================================



[!] Propagation velocity! Id = 109
t1 = 3.2700000000
dvdt[99] = 0.0190144121

t2 = 3.5300000000
dvdt[109] = 0.0145526644
delta_x = 0.0680000000
delta_t = 0.2600000000

!!!!!!!! Propagation velocity = 261.538462 cm/s !!!!!!!!!!

=============================================================



[!] Propagation velocity! Id = 146
t1 = 3.9200000000
dvdt[136] = 0.0039000537

t2 = 8.2800000000
dvdt[146] = 0.0001796554
delta_x = 0.0680000000
delta_t = 4.3600000000

!!!!!!!! Propagation velocity = 15.596330 cm/s !!!!!!!!!!

=============================================================

