

[!] Propagation velocity! Id = 50
t1 = 2.8500000000
dvdt[40] = 3.5194095464

t2 = 3.2200000000
dvdt[50] = 3.5113434109
delta_x = 0.1000000000
delta_t = 0.3700000000

!!!!!!!! Propagation velocity = 270.270270 cm/s !!!!!!!!!!

=============================================================



[!] Propagation velocity! Id = 100
t1 = 4.6900000000
dvdt[90] = 3.5007869488

t2 = 5.0600000000
dvdt[100] = 3.4965074370
delta_x = 0.1000000000
delta_t = 0.3700000000

!!!!!!!! Propagation velocity = 270.270270 cm/s !!!!!!!!!!

=============================================================



[!] Propagation velocity! Id = 150
t1 = 6.5300000000
dvdt[140] = 3.4995105358

t2 = 6.9000000000
dvdt[150] = 3.4991109558
delta_x = 0.1000000000
delta_t = 0.3700000000

!!!!!!!! Propagation velocity = 270.270270 cm/s !!!!!!!!!!

=============================================================



[!] Propagation velocity! Id = 200
t1 = 8.3800000000
dvdt[190] = 3.3413555411

t2 = 8.8300000000
dvdt[200] = 0.0913233832
delta_x = 0.1000000000
delta_t = 0.4500000000

!!!!!!!! Propagation velocity = 222.222222 cm/s !!!!!!!!!!

=============================================================

