

[!] Propagation velocity! Id = 59
t1 = 3.6200000000
dvdt[54] = 3.4993261487

t2 = 3.8600000000
dvdt[59] = 3.4933738533
delta_x = 0.0820000000
delta_t = 0.2400000000

!!!!!!!! Propagation velocity = 341.666667 cm/s !!!!!!!!!!

=============================================================



[!] Propagation velocity! Id = 119
t1 = 6.4600000000
dvdt[114] = 3.4886821170

t2 = 6.7000000000
dvdt[119] = 3.4940947374
delta_x = 0.0820000000
delta_t = 0.2400000000

!!!!!!!! Propagation velocity = 341.666667 cm/s !!!!!!!!!!

=============================================================



[!] Propagation velocity! Id = 178
t1 = 9.2700000000
dvdt[173] = 3.4879063657

t2 = 9.5000000000
dvdt[178] = 3.4886566601
delta_x = 0.0820000000
delta_t = 0.2300000000

!!!!!!!! Propagation velocity = 356.521739 cm/s !!!!!!!!!!

=============================================================



[!] Propagation velocity! Id = 242
t1 = 12.3300000000
dvdt[237] = 2.9007225469

t2 = 14.5600000000
dvdt[242] = 4.5471679457
delta_x = 0.0820000000
delta_t = 2.2300000000

!!!!!!!! Propagation velocity = 36.771300 cm/s !!!!!!!!!!

=============================================================

