

[!] Propagation velocity! Id = 14
t1 = 1.1100000000
dvdt[4] = 4.1129876740

t2 = 1.6600000000
dvdt[14] = 3.5969553655
delta_x = 0.1640000000
delta_t = 0.5500000000

!!!!!!!! Propagation velocity = 298.181818 cm/s !!!!!!!!!!

=============================================================



[!] Propagation velocity! Id = 29
t1 = 1.9600000000
dvdt[19] = 3.5526477316

t2 = 2.5700000000
dvdt[29] = 3.5272281073
delta_x = 0.1640000000
delta_t = 0.6100000000

!!!!!!!! Propagation velocity = 268.852459 cm/s !!!!!!!!!!

=============================================================



[!] Propagation velocity! Id = 43
t1 = 2.8200000000
dvdt[33] = 3.5127983569

t2 = 3.4300000000
dvdt[43] = 3.5163708541
delta_x = 0.1640000000
delta_t = 0.6100000000

!!!!!!!! Propagation velocity = 268.852459 cm/s !!!!!!!!!!

=============================================================



[!] Propagation velocity! Id = 58
t1 = 3.7300000000
dvdt[48] = 3.5068085817

t2 = 12.2500000000
dvdt[58] = 2.3686162014
delta_x = 0.1640000000
delta_t = 8.5200000000

!!!!!!!! Propagation velocity = 19.248826 cm/s !!!!!!!!!!

=============================================================

