

[!] Propagation velocity! Id = 50
t1 = 4.0100000000
dvdt[45] = 1.4454217964

t2 = 4.3500000000
dvdt[50] = 1.4152171608
delta_x = 0.0820000000
delta_t = 0.3400000000

!!!!!!!! Propagation velocity = 241.176471 cm/s !!!!!!!!!!

=============================================================



[!] Propagation velocity! Id = 90
t1 = 7.0100000000
dvdt[85] = 1.4567072807

t2 = 7.3400000000
dvdt[90] = 1.4578786976
delta_x = 0.0819999280
delta_t = 0.3300000000

!!!!!!!! Propagation velocity = 248.484630 cm/s !!!!!!!!!!

=============================================================



[!] Propagation velocity! Id = 150
t1 = 7.0100000000
dvdt[145] = 1.4567072807

t2 = 7.3400000000
dvdt[150] = 1.4578786976
delta_x = 0.0819999280
delta_t = 0.3300000000

!!!!!!!! Propagation velocity = 248.484630 cm/s !!!!!!!!!!

=============================================================



[!] Propagation velocity! Id = 120
t1 = 9.0800000000
dvdt[115] = 0.8827929964

t2 = 19.8200000000
dvdt[120] = 1.0501307803
delta_x = 0.0819999280
delta_t = 10.7400000000

!!!!!!!! Propagation velocity = 7.635003 cm/s !!!!!!!!!!

=============================================================



[!] Propagation velocity! Id = 180
t1 = 9.0800000000
dvdt[175] = 0.8827929964

t2 = 19.8200000000
dvdt[180] = 1.0501307803
delta_x = 0.0819999280
delta_t = 10.7400000000

!!!!!!!! Propagation velocity = 7.635003 cm/s !!!!!!!!!!

=============================================================

