

[!] Propagation velocity! Id = 36
t1 = 2.0100000000
dvdt[26] = 0.0962512159

t2 = 2.0500000000
dvdt[36] = 0.0775842998
delta_x = 0.0680000000
delta_t = 0.0400000000

!!!!!!!! Propagation velocity = 1700.000000 cm/s !!!!!!!!!!

=============================================================



[!] Propagation velocity! Id = 73
t1 = 2.2900000000
dvdt[63] = 0.0405538593

t2 = 2.4500000000
dvdt[73] = 0.0314676422
delta_x = 0.0680000000
delta_t = 0.1600000000

!!!!!!!! Propagation velocity = 425.000000 cm/s !!!!!!!!!!

=============================================================



[!] Propagation velocity! Id = 109
t1 = 3.0000000000
dvdt[99] = 0.0161663740

t2 = 3.2300000000
dvdt[109] = 0.0122349321
delta_x = 0.0680000000
delta_t = 0.2300000000

!!!!!!!! Propagation velocity = 295.652174 cm/s !!!!!!!!!!

=============================================================



[!] Propagation velocity! Id = 146
t1 = 3.6200000000
dvdt[136] = 0.0033853814

t2 = 6.3000000000
dvdt[146] = 0.0004769403
delta_x = 0.0680000000
delta_t = 2.6800000000

!!!!!!!! Propagation velocity = 25.373134 cm/s !!!!!!!!!!

=============================================================

