

[!] Propagation velocity! Id = 12
t1 = 1.2400000000
dvdt[2] = 1.7167279064

t2 = 1.8200000000
dvdt[12] = 1.4755918895
delta_x = 0.2000000000
delta_t = 0.5800000000

!!!!!!!! Propagation velocity = 344.827586 cm/s !!!!!!!!!!

=============================================================



[!] Propagation velocity! Id = 25
t1 = 2.0500000000
dvdt[15] = 1.4673254895

t2 = 2.8200000000
dvdt[25] = 1.4640813382
delta_x = 0.2000000000
delta_t = 0.7700000000

!!!!!!!! Propagation velocity = 259.740260 cm/s !!!!!!!!!!

=============================================================



[!] Propagation velocity! Id = 37
t1 = 2.9800000000
dvdt[27] = 1.4640062123

t2 = 3.7600000000
dvdt[37] = 1.4405301089
delta_x = 0.2000000000
delta_t = 0.7800000000

!!!!!!!! Propagation velocity = 256.410256 cm/s !!!!!!!!!!

=============================================================



[!] Propagation velocity! Id = 50
t1 = 4.0000000000
dvdt[40] = 1.3892650867

t2 = 4.9100000000
dvdt[50] = 0.0281641904
delta_x = 0.2000000000
delta_t = 0.9100000000

!!!!!!!! Propagation velocity = 219.780220 cm/s !!!!!!!!!!

=============================================================

