

[!] Propagation velocity! Id = 59
t1 = 5.7800000000
dvdt[54] = 1.4456521054

t2 = 6.2500000000
dvdt[59] = 1.4455102577
delta_x = 0.0820000000
delta_t = 0.4700000000

!!!!!!!! Propagation velocity = 174.468085 cm/s !!!!!!!!!!

=============================================================



[!] Propagation velocity! Id = 119
t1 = 11.4300000000
dvdt[114] = 1.4399559371

t2 = 11.9000000000
dvdt[119] = 1.4392245224
delta_x = 0.0820000000
delta_t = 0.4700000000

!!!!!!!! Propagation velocity = 174.468085 cm/s !!!!!!!!!!

=============================================================



[!] Propagation velocity! Id = 178
t1 = 16.9800000000
dvdt[173] = 1.4319094949

t2 = 17.4500000000
dvdt[178] = 1.4315246213
delta_x = 0.0820000000
delta_t = 0.4700000000

!!!!!!!! Propagation velocity = 174.468085 cm/s !!!!!!!!!!

=============================================================



[!] Propagation velocity! Id = 242
t1 = 23.0700000000
dvdt[237] = 1.1340123392

t2 = 23.8400000000
dvdt[242] = 0.0077464888
delta_x = 0.0820000000
delta_t = 0.7700000000

!!!!!!!! Propagation velocity = 106.493506 cm/s !!!!!!!!!!

=============================================================

