

[!] Propagation velocity! Id = 50
t1 = 4.0500000000
dvdt[45] = 1.4631151117

t2 = 4.3800000000
dvdt[50] = 1.4838212612
delta_x = 0.0820000000
delta_t = 0.3300000000

!!!!!!!! Propagation velocity = 248.484848 cm/s !!!!!!!!!!

=============================================================



[!] Propagation velocity! Id = 90
t1 = 6.9300000000
dvdt[85] = 1.4635958324

t2 = 7.3400000000
dvdt[90] = 1.4645074705
delta_x = 0.0819999280
delta_t = 0.4100000000

!!!!!!!! Propagation velocity = 199.999824 cm/s !!!!!!!!!!

=============================================================



[!] Propagation velocity! Id = 150
t1 = 6.9300000000
dvdt[145] = 1.4635958324

t2 = 7.3400000000
dvdt[150] = 1.4645074705
delta_x = 0.0819999280
delta_t = 0.4100000000

!!!!!!!! Propagation velocity = 199.999824 cm/s !!!!!!!!!!

=============================================================



[!] Propagation velocity! Id = 120
t1 = 9.4500000000
dvdt[115] = 1.0139152965

t2 = 10.2100000000
dvdt[120] = 0.0220996781
delta_x = 0.0819999280
delta_t = 0.7600000000

!!!!!!!! Propagation velocity = 107.894642 cm/s !!!!!!!!!!

=============================================================



[!] Propagation velocity! Id = 180
t1 = 9.4500000000
dvdt[175] = 1.0139152965

t2 = 10.2100000000
dvdt[180] = 0.0220996781
delta_x = 0.0819999280
delta_t = 0.7600000000

!!!!!!!! Propagation velocity = 107.894642 cm/s !!!!!!!!!!

=============================================================

