

[!] Propagation velocity! Id = 50
t1 = 3.4600000000
dvdt[45] = 3.5092929441

t2 = 3.7500000000
dvdt[50] = 3.5071791997
delta_x = 0.0820000000
delta_t = 0.2900000000

!!!!!!!! Propagation velocity = 282.758621 cm/s !!!!!!!!!!

=============================================================



[!] Propagation velocity! Id = 90
t1 = 5.9200000000
dvdt[85] = 3.5159874612

t2 = 6.2300000000
dvdt[90] = 3.5134569139
delta_x = 0.0819999280
delta_t = 0.3100000000

!!!!!!!! Propagation velocity = 264.515897 cm/s !!!!!!!!!!

=============================================================



[!] Propagation velocity! Id = 150
t1 = 5.9200000000
dvdt[145] = 3.5159874612

t2 = 6.2300000000
dvdt[150] = 3.5134569139
delta_x = 0.0819999280
delta_t = 0.3100000000

!!!!!!!! Propagation velocity = 264.515897 cm/s !!!!!!!!!!

=============================================================



[!] Propagation velocity! Id = 120
t1 = 7.7800000000
dvdt[115] = 3.2067232545

t2 = 11.3200000000
dvdt[120] = 4.3394295892
delta_x = 0.0819999280
delta_t = 3.5400000000

!!!!!!!! Propagation velocity = 23.163821 cm/s !!!!!!!!!!

=============================================================



[!] Propagation velocity! Id = 180
t1 = 7.7800000000
dvdt[175] = 3.2067232545

t2 = 11.3200000000
dvdt[180] = 4.3394295892
delta_x = 0.0819999280
delta_t = 3.5400000000

!!!!!!!! Propagation velocity = 23.163821 cm/s !!!!!!!!!!

=============================================================

