

[!] Propagation velocity! Id = 100
t1 = 5.0900000000
dvdt[90] = 1.4235667983

t2 = 5.4600000000
dvdt[100] = 1.4232492466
delta_x = 0.1000000000
delta_t = 0.3700000000

!!!!!!!! Propagation velocity = 270.270270 cm/s !!!!!!!!!!

=============================================================



[!] Propagation velocity! Id = 200
t1 = 8.8800000000
dvdt[190] = 1.2721957484

t2 = 9.6200000000
dvdt[200] = 1.0341699498
delta_x = 0.1000000000
delta_t = 0.7400000000

!!!!!!!! Propagation velocity = 135.135135 cm/s !!!!!!!!!!

=============================================================



[!] Propagation velocity! Id = 300
t1 = 12.9200000000
dvdt[290] = 1.4229846830

t2 = 13.3000000000
dvdt[300] = 1.4241811850
delta_x = 0.0999995320
delta_t = 0.3800000000

!!!!!!!! Propagation velocity = 263.156663 cm/s !!!!!!!!!!

=============================================================



[!] Propagation velocity! Id = 500
t1 = 12.9200000000
dvdt[490] = 1.4229846830

t2 = 13.3000000000
dvdt[500] = 1.4241811850
delta_x = 0.0999995320
delta_t = 0.3800000000

!!!!!!!! Propagation velocity = 263.156663 cm/s !!!!!!!!!!

=============================================================



[!] Propagation velocity! Id = 400
t1 = 16.7700000000
dvdt[390] = 0.9705565687

t2 = 17.2500000000
dvdt[400] = 0.0140535899
delta_x = 0.1000003981
delta_t = 0.4800000000

!!!!!!!! Propagation velocity = 208.334163 cm/s !!!!!!!!!!

=============================================================



[!] Propagation velocity! Id = 600
t1 = 16.7700000000
dvdt[590] = 0.9705565687

t2 = 17.2500000000
dvdt[600] = 0.0140535899
delta_x = 0.1000003981
delta_t = 0.4800000000

!!!!!!!! Propagation velocity = 208.334163 cm/s !!!!!!!!!!

=============================================================

