

[!] Propagation velocity! Id = 50
t1 = 3.2300000000
dvdt[45] = 3.5009150612

t2 = 3.4800000000
dvdt[50] = 3.5117788443
delta_x = 0.0820000000
delta_t = 0.2500000000

!!!!!!!! Propagation velocity = 328.000000 cm/s !!!!!!!!!!

=============================================================



[!] Propagation velocity! Id = 90
t1 = 5.3700000000
dvdt[85] = 3.5112343612

t2 = 5.6600000000
dvdt[90] = 3.5077665675
delta_x = 0.0819999280
delta_t = 0.2900000000

!!!!!!!! Propagation velocity = 282.758373 cm/s !!!!!!!!!!

=============================================================



[!] Propagation velocity! Id = 150
t1 = 5.3700000000
dvdt[145] = 3.5112343612

t2 = 5.6600000000
dvdt[150] = 3.5077665675
delta_x = 0.0819999280
delta_t = 0.2900000000

!!!!!!!! Propagation velocity = 282.758373 cm/s !!!!!!!!!!

=============================================================



[!] Propagation velocity! Id = 120
t1 = 7.1600000000
dvdt[115] = 3.1630238200

t2 = 20.6400000000
dvdt[120] = 3.0772618220
delta_x = 0.0819999280
delta_t = 13.4800000000

!!!!!!!! Propagation velocity = 6.083081 cm/s !!!!!!!!!!

=============================================================



[!] Propagation velocity! Id = 180
t1 = 7.1600000000
dvdt[175] = 3.1630238200

t2 = 20.6400000000
dvdt[180] = 3.0772618221
delta_x = 0.0819999280
delta_t = 13.4800000000

!!!!!!!! Propagation velocity = 6.083081 cm/s !!!!!!!!!!

=============================================================

