

[!] Propagation velocity! Id = 59
t1 = 5.4700000000
dvdt[54] = 1.4496673369

t2 = 5.9100000000
dvdt[59] = 1.4497817580
delta_x = 0.0820000000
delta_t = 0.4400000000

!!!!!!!! Propagation velocity = 186.363636 cm/s !!!!!!!!!!

=============================================================



[!] Propagation velocity! Id = 119
t1 = 10.7400000000
dvdt[114] = 1.4498170549

t2 = 11.1800000000
dvdt[119] = 1.4497678865
delta_x = 0.0820000000
delta_t = 0.4400000000

!!!!!!!! Propagation velocity = 186.363636 cm/s !!!!!!!!!!

=============================================================



[!] Propagation velocity! Id = 178
t1 = 15.9200000000
dvdt[173] = 1.4519508902

t2 = 16.3600000000
dvdt[178] = 1.4523843678
delta_x = 0.0820000000
delta_t = 0.4400000000

!!!!!!!! Propagation velocity = 186.363636 cm/s !!!!!!!!!!

=============================================================



[!] Propagation velocity! Id = 242
t1 = 21.6400000000
dvdt[237] = 1.0985735622

t2 = 31.7700000000
dvdt[242] = 1.0936351109
delta_x = 0.0820000000
delta_t = 10.1300000000

!!!!!!!! Propagation velocity = 8.094768 cm/s !!!!!!!!!!

=============================================================

