

[!] Propagation velocity! Id = 73
t1 = 2.3100000000
dvdt[63] = 0.0423054865

t2 = 2.4800000000
dvdt[73] = 0.0329215657
delta_x = 0.0680000000
delta_t = 0.1700000000

!!!!!!!! Propagation velocity = 400.000000 cm/s !!!!!!!!!!

=============================================================



[!] Propagation velocity! Id = 147
t1 = 4.5300000000
dvdt[137] = 0.0078793711

t2 = 4.9700000000
dvdt[147] = 0.0065210364
delta_x = 0.0680000000
delta_t = 0.4400000000

!!!!!!!! Propagation velocity = 154.545455 cm/s !!!!!!!!!!

=============================================================



[!] Propagation velocity! Id = 220
t1 = 8.0100000000
dvdt[210] = 0.0022751153

t2 = 8.4500000000
dvdt[220] = 0.0019389577
delta_x = 0.0680000000
delta_t = 0.4400000000

!!!!!!!! Propagation velocity = 154.545455 cm/s !!!!!!!!!!

=============================================================



[!] Propagation velocity! Id = 294
t1 = 10.3700000000
dvdt[284] = 0.0003578978

t2 = 15.4200000000
dvdt[294] = 0.0001640399
delta_x = 0.0680000000
delta_t = 5.0500000000

!!!!!!!! Propagation velocity = 13.465347 cm/s !!!!!!!!!!

=============================================================

