

[!] Propagation velocity! Id = 25
t1 = 2.7900000000
dvdt[15] = 3.7099408465

t2 = 3.0100000000
dvdt[25] = 3.6460063471
delta_x = 0.1000000000
delta_t = 0.2200000000

!!!!!!!! Propagation velocity = 454.545455 cm/s !!!!!!!!!!

=============================================================



[!] Propagation velocity! Id = 50
t1 = 3.3800000000
dvdt[40] = 3.5706321344

t2 = 3.6300000000
dvdt[50] = 3.5467685478
delta_x = 0.1000000000
delta_t = 0.2500000000

!!!!!!!! Propagation velocity = 400.000000 cm/s !!!!!!!!!!

=============================================================



[!] Propagation velocity! Id = 75
t1 = 4.0100000000
dvdt[65] = 3.5217080747

t2 = 4.2700000000
dvdt[75] = 3.5053031655
delta_x = 0.1000000000
delta_t = 0.2600000000

!!!!!!!! Propagation velocity = 384.615385 cm/s !!!!!!!!!!

=============================================================



[!] Propagation velocity! Id = 100
t1 = 4.6800000000
dvdt[90] = 3.0252771508

t2 = 49.7300000000
dvdt[100] = 2.6034267620
delta_x = 0.1000000000
delta_t = 45.0500000000

!!!!!!!! Propagation velocity = 2.219756 cm/s !!!!!!!!!!

=============================================================

