

[!] Propagation velocity! Id = 59
t1 = 4.7100000000
dvdt[54] = 1.4482304065

t2 = 5.0600000000
dvdt[59] = 1.4482161800
delta_x = 0.0820000000
delta_t = 0.3500000000

!!!!!!!! Propagation velocity = 234.285714 cm/s !!!!!!!!!!

=============================================================



[!] Propagation velocity! Id = 119
t1 = 8.9100000000
dvdt[114] = 1.4480397995

t2 = 9.2600000000
dvdt[119] = 1.4480661380
delta_x = 0.0820000000
delta_t = 0.3500000000

!!!!!!!! Propagation velocity = 234.285714 cm/s !!!!!!!!!!

=============================================================



[!] Propagation velocity! Id = 178
t1 = 13.0400000000
dvdt[173] = 1.4502439445

t2 = 13.3900000000
dvdt[178] = 1.4507085612
delta_x = 0.0820000000
delta_t = 0.3500000000

!!!!!!!! Propagation velocity = 234.285714 cm/s !!!!!!!!!!

=============================================================



[!] Propagation velocity! Id = 242
t1 = 17.6000000000
dvdt[237] = 0.9665632578

t2 = 20.1000000000
dvdt[242] = 1.7917589664
delta_x = 0.0820000000
delta_t = 2.5000000000

!!!!!!!! Propagation velocity = 32.800000 cm/s !!!!!!!!!!

=============================================================

