

[!] Propagation velocity! Id = 12
t1 = 1.0700000000
dvdt[2] = 3.8814226940

t2 = 1.4800000000
dvdt[12] = 3.6672573337
delta_x = 0.2000000000
delta_t = 0.4100000000

!!!!!!!! Propagation velocity = 487.804878 cm/s !!!!!!!!!!

=============================================================



[!] Propagation velocity! Id = 25
t1 = 1.6200000000
dvdt[15] = 3.6252981305

t2 = 2.1200000000
dvdt[25] = 3.5587789056
delta_x = 0.2000000000
delta_t = 0.5000000000

!!!!!!!! Propagation velocity = 400.000000 cm/s !!!!!!!!!!

=============================================================



[!] Propagation velocity! Id = 37
t1 = 2.2300000000
dvdt[27] = 3.5566237218

t2 = 2.7400000000
dvdt[37] = 3.5376222991
delta_x = 0.2000000000
delta_t = 0.5100000000

!!!!!!!! Propagation velocity = 392.156863 cm/s !!!!!!!!!!

=============================================================



[!] Propagation velocity! Id = 50
t1 = 2.8900000000
dvdt[40] = 3.5198901300

t2 = 3.3300000000
dvdt[50] = 0.1745374491
delta_x = 0.2000000000
delta_t = 0.4400000000

!!!!!!!! Propagation velocity = 454.545455 cm/s !!!!!!!!!!

=============================================================

