

[!] Propagation velocity! Id = 50
t1 = 3.1900000000
dvdt[45] = 3.5077822447

t2 = 3.4400000000
dvdt[50] = 3.5121636959
delta_x = 0.0820000000
delta_t = 0.2500000000

!!!!!!!! Propagation velocity = 328.000000 cm/s !!!!!!!!!!

=============================================================



[!] Propagation velocity! Id = 90
t1 = 5.2800000000
dvdt[85] = 3.5091756823

t2 = 5.5600000000
dvdt[90] = 3.5153617819
delta_x = 0.0819999280
delta_t = 0.2800000000

!!!!!!!! Propagation velocity = 292.856886 cm/s !!!!!!!!!!

=============================================================



[!] Propagation velocity! Id = 150
t1 = 5.2800000000
dvdt[145] = 3.5091756823

t2 = 5.5600000000
dvdt[150] = 3.5153617819
delta_x = 0.0819999280
delta_t = 0.2800000000

!!!!!!!! Propagation velocity = 292.856886 cm/s !!!!!!!!!!

=============================================================



[!] Propagation velocity! Id = 120
t1 = 6.9500000000
dvdt[115] = 3.0830521696

t2 = 7.3000000000
dvdt[120] = 0.1056591041
delta_x = 0.0819999280
delta_t = 0.3500000000

!!!!!!!! Propagation velocity = 234.285509 cm/s !!!!!!!!!!

=============================================================



[!] Propagation velocity! Id = 180
t1 = 6.9500000000
dvdt[175] = 3.0830521696

t2 = 7.3000000000
dvdt[180] = 0.1056591041
delta_x = 0.0819999280
delta_t = 0.3500000000

!!!!!!!! Propagation velocity = 234.285509 cm/s !!!!!!!!!!

=============================================================

