

[!] Propagation velocity! Id = 59
t1 = 4.5900000000
dvdt[54] = 1.4479870529

t2 = 4.9300000000
dvdt[59] = 1.4481243574
delta_x = 0.0820000000
delta_t = 0.3400000000

!!!!!!!! Propagation velocity = 241.176471 cm/s !!!!!!!!!!

=============================================================



[!] Propagation velocity! Id = 119
t1 = 8.6100000000
dvdt[114] = 1.4484075238

t2 = 8.9500000000
dvdt[119] = 1.4482303001
delta_x = 0.0820000000
delta_t = 0.3400000000

!!!!!!!! Propagation velocity = 241.176471 cm/s !!!!!!!!!!

=============================================================



[!] Propagation velocity! Id = 178
t1 = 12.5700000000
dvdt[173] = 1.4511929359

t2 = 12.9000000000
dvdt[178] = 1.4514008186
delta_x = 0.0820000000
delta_t = 0.3300000000

!!!!!!!! Propagation velocity = 248.484848 cm/s !!!!!!!!!!

=============================================================



[!] Propagation velocity! Id = 242
t1 = 16.9400000000
dvdt[237] = 0.8906564895

t2 = 23.5400000000
dvdt[242] = 1.3393822573
delta_x = 0.0820000000
delta_t = 6.6000000000

!!!!!!!! Propagation velocity = 12.424242 cm/s !!!!!!!!!!

=============================================================

