

[!] Propagation velocity! Id = 59
t1 = 3.7600000000
dvdt[54] = 3.5016689847

t2 = 4.0200000000
dvdt[59] = 3.5003389827
delta_x = 0.0820000000
delta_t = 0.2600000000

!!!!!!!! Propagation velocity = 315.384615 cm/s !!!!!!!!!!

=============================================================



[!] Propagation velocity! Id = 119
t1 = 6.8800000000
dvdt[114] = 3.4962381429

t2 = 7.1400000000
dvdt[119] = 3.4971886877
delta_x = 0.0820000000
delta_t = 0.2600000000

!!!!!!!! Propagation velocity = 315.384615 cm/s !!!!!!!!!!

=============================================================



[!] Propagation velocity! Id = 178
t1 = 9.9500000000
dvdt[173] = 3.4976850649

t2 = 10.2100000000
dvdt[178] = 3.4982146776
delta_x = 0.0820000000
delta_t = 0.2600000000

!!!!!!!! Propagation velocity = 315.384615 cm/s !!!!!!!!!!

=============================================================



[!] Propagation velocity! Id = 242
t1 = 13.3000000000
dvdt[237] = 3.0246521381

t2 = 15.8200000000
dvdt[242] = 4.5097214652
delta_x = 0.0820000000
delta_t = 2.5200000000

!!!!!!!! Propagation velocity = 32.539683 cm/s !!!!!!!!!!

=============================================================

