

[!] Propagation velocity! Id = 250
t1 = 10.9400000000
dvdt[240] = 1.4455205632

t2 = 11.3200000000
dvdt[250] = 1.4456841246
delta_x = 0.1000000000
delta_t = 0.3800000000

!!!!!!!! Propagation velocity = 263.157895 cm/s !!!!!!!!!!

=============================================================



[!] Propagation velocity! Id = 500
t1 = 20.4900000000
dvdt[490] = 1.2951988936

t2 = 21.2500000000
dvdt[500] = 1.0529153014
delta_x = 0.1000000000
delta_t = 0.7600000000

!!!!!!!! Propagation velocity = 131.578947 cm/s !!!!!!!!!!

=============================================================



[!] Propagation velocity! Id = 750
t1 = 30.3100000000
dvdt[740] = 1.4469926250

t2 = 30.6900000000
dvdt[750] = 1.4472579186
delta_x = 0.1000003981
delta_t = 0.3800000000

!!!!!!!! Propagation velocity = 263.158942 cm/s !!!!!!!!!!

=============================================================



[!] Propagation velocity! Id = 1250
t1 = 30.3100000000
dvdt[1240] = 1.4469926250

t2 = 30.6900000000
dvdt[1250] = 1.4472579186
delta_x = 0.1000003981
delta_t = 0.3800000000

!!!!!!!! Propagation velocity = 263.158942 cm/s !!!!!!!!!!

=============================================================



[!] Propagation velocity! Id = 1000
t1 = 39.9600000000
dvdt[990] = 1.0012804521

t2 = 52.2100000000
dvdt[1000] = 0.9599850407
delta_x = 0.1000003981
delta_t = 12.2500000000

!!!!!!!! Propagation velocity = 8.163298 cm/s !!!!!!!!!!

=============================================================



[!] Propagation velocity! Id = 1500
t1 = 39.9600000000
dvdt[1490] = 1.0012804521

t2 = 52.2100000000
dvdt[1500] = 0.9599850407
delta_x = 0.1000003981
delta_t = 12.2500000000

!!!!!!!! Propagation velocity = 8.163298 cm/s !!!!!!!!!!

=============================================================

