

[!] Propagation velocity! Id = 59
t1 = 3.7500000000
dvdt[54] = 3.5030723451

t2 = 4.0100000000
dvdt[59] = 3.4992997857
delta_x = 0.0820000000
delta_t = 0.2600000000

!!!!!!!! Propagation velocity = 315.384615 cm/s !!!!!!!!!!

=============================================================



[!] Propagation velocity! Id = 119
t1 = 6.8600000000
dvdt[114] = 3.5046331494

t2 = 7.1200000000
dvdt[119] = 3.5035950311
delta_x = 0.0820000000
delta_t = 0.2600000000

!!!!!!!! Propagation velocity = 315.384615 cm/s !!!!!!!!!!

=============================================================



[!] Propagation velocity! Id = 178
t1 = 9.9200000000
dvdt[173] = 3.5048744269

t2 = 10.1800000000
dvdt[178] = 3.5038271857
delta_x = 0.0820000000
delta_t = 0.2600000000

!!!!!!!! Propagation velocity = 315.384615 cm/s !!!!!!!!!!

=============================================================



[!] Propagation velocity! Id = 242
t1 = 13.2500000000
dvdt[237] = 2.9891923931

t2 = 13.5600000000
dvdt[242] = 0.1165894917
delta_x = 0.0820000000
delta_t = 0.3100000000

!!!!!!!! Propagation velocity = 264.516129 cm/s !!!!!!!!!!

=============================================================

