

[!] Propagation velocity! Id = 29
t1 = 2.1700000000
dvdt[19] = 1.4154589589

t2 = 2.7900000000
dvdt[29] = 1.4177405632
delta_x = 0.1640000000
delta_t = 0.6200000000

!!!!!!!! Propagation velocity = 264.516129 cm/s !!!!!!!!!!

=============================================================



[!] Propagation velocity! Id = 59
t1 = 4.0300000000
dvdt[49] = 1.4212892108

t2 = 4.6500000000
dvdt[59] = 1.4236818094
delta_x = 0.1640000000
delta_t = 0.6200000000

!!!!!!!! Propagation velocity = 264.516129 cm/s !!!!!!!!!!

=============================================================



[!] Propagation velocity! Id = 88
t1 = 5.8300000000
dvdt[78] = 1.4297514333

t2 = 6.4600000000
dvdt[88] = 1.4337160720
delta_x = 0.1640000000
delta_t = 0.6300000000

!!!!!!!! Propagation velocity = 260.317460 cm/s !!!!!!!!!!

=============================================================



[!] Propagation velocity! Id = 118
t1 = 7.7300000000
dvdt[108] = 1.3643690242

t2 = 8.2100000000
dvdt[118] = 0.3332136978
delta_x = 0.1640000000
delta_t = 0.4800000000

!!!!!!!! Propagation velocity = 341.666667 cm/s !!!!!!!!!!

=============================================================

