

[!] Propagation velocity! Id = 59
t1 = 3.7100000000
dvdt[54] = 3.5036574453

t2 = 3.9600000000
dvdt[59] = 3.5050729555
delta_x = 0.0820000000
delta_t = 0.2500000000

!!!!!!!! Propagation velocity = 328.000000 cm/s !!!!!!!!!!

=============================================================



[!] Propagation velocity! Id = 119
t1 = 6.7400000000
dvdt[114] = 3.4944668233

t2 = 7.0000000000
dvdt[119] = 3.5023609188
delta_x = 0.0820000000
delta_t = 0.2600000000

!!!!!!!! Propagation velocity = 315.384615 cm/s !!!!!!!!!!

=============================================================



[!] Propagation velocity! Id = 178
t1 = 9.7300000000
dvdt[173] = 3.4973804734

t2 = 9.9900000000
dvdt[178] = 3.4991388043
delta_x = 0.0820000000
delta_t = 0.2600000000

!!!!!!!! Propagation velocity = 315.384615 cm/s !!!!!!!!!!

=============================================================



[!] Propagation velocity! Id = 242
t1 = 12.9900000000
dvdt[237] = 2.9532835723

t2 = 37.6000000000
dvdt[242] = 2.1697162511
delta_x = 0.0820000000
delta_t = 24.6100000000

!!!!!!!! Propagation velocity = 3.331979 cm/s !!!!!!!!!!

=============================================================

