

[!] Propagation velocity! Id = 12
t1 = 0.8800000000
dvdt[2] = 4.3009896137

t2 = 1.5000000000
dvdt[12] = 3.6446131930
delta_x = 0.2000000000
delta_t = 0.6200000000

!!!!!!!! Propagation velocity = 322.580645 cm/s !!!!!!!!!!

=============================================================



[!] Propagation velocity! Id = 25
t1 = 1.7200000000
dvdt[15] = 3.6018179028

t2 = 2.4500000000
dvdt[25] = 3.5731755002
delta_x = 0.2000000000
delta_t = 0.7300000000

!!!!!!!! Propagation velocity = 273.972603 cm/s !!!!!!!!!!

=============================================================



[!] Propagation velocity! Id = 37
t1 = 2.6000000000
dvdt[27] = 3.5651174724

t2 = 3.3300000000
dvdt[37] = 3.5552940489
delta_x = 0.2000000000
delta_t = 0.7300000000

!!!!!!!! Propagation velocity = 273.972603 cm/s !!!!!!!!!!

=============================================================



[!] Propagation velocity! Id = 50
t1 = 3.5600000000
dvdt[40] = 3.5534649964

t2 = 4.3600000000
dvdt[50] = 0.0901862894
delta_x = 0.2000000000
delta_t = 0.8000000000

!!!!!!!! Propagation velocity = 250.000000 cm/s !!!!!!!!!!

=============================================================

