

[!] Propagation velocity! Id = 250
t1 = 10.3600000000
dvdt[240] = 3.4813823866

t2 = 10.7400000000
dvdt[250] = 3.4767947249
delta_x = 0.1000000000
delta_t = 0.3800000000

!!!!!!!! Propagation velocity = 263.157895 cm/s !!!!!!!!!!

=============================================================



[!] Propagation velocity! Id = 500
t1 = 19.6700000000
dvdt[490] = 3.4799684068

t2 = 20.0500000000
dvdt[500] = 3.4785162021
delta_x = 0.1000000000
delta_t = 0.3800000000

!!!!!!!! Propagation velocity = 263.157895 cm/s !!!!!!!!!!

=============================================================



[!] Propagation velocity! Id = 750
t1 = 28.9800000000
dvdt[740] = 3.4852867468

t2 = 29.3500000000
dvdt[750] = 3.4816378087
delta_x = 0.1000000000
delta_t = 0.3700000000

!!!!!!!! Propagation velocity = 270.270270 cm/s !!!!!!!!!!

=============================================================



[!] Propagation velocity! Id = 1000
t1 = 38.2900000000
dvdt[990] = 3.3279308638

t2 = 46.7300000000
dvdt[1000] = 3.6394442419
delta_x = 0.1000000000
delta_t = 8.4400000000

!!!!!!!! Propagation velocity = 11.848341 cm/s !!!!!!!!!!

=============================================================

