

[!] Propagation velocity! Id = 14
t1 = 1.4300000000
dvdt[4] = 3.8452861184

t2 = 1.7900000000
dvdt[14] = 3.6553578507
delta_x = 0.1640000000
delta_t = 0.3600000000

!!!!!!!! Propagation velocity = 455.555556 cm/s !!!!!!!!!!

=============================================================



[!] Propagation velocity! Id = 29
t1 = 2.0000000000
dvdt[19] = 3.5775985884

t2 = 2.4700000000
dvdt[29] = 2.2094805358
delta_x = 0.1640000000
delta_t = 0.4700000000

!!!!!!!! Propagation velocity = 348.936170 cm/s !!!!!!!!!!

=============================================================



[!] Propagation velocity! Id = 43
t1 = 2.7600000000
dvdt[33] = 3.1786547458

t2 = 3.1700000000
dvdt[43] = 3.5269441887
delta_x = 0.1640007221
delta_t = 0.4100000000

!!!!!!!! Propagation velocity = 400.001761 cm/s !!!!!!!!!!

=============================================================



[!] Propagation velocity! Id = 58
t1 = 3.3900000000
dvdt[48] = 3.4876602177

t2 = 3.7600000000
dvdt[58] = 0.9553616301
delta_x = 0.1639998561
delta_t = 0.3700000000

!!!!!!!! Propagation velocity = 443.242854 cm/s !!!!!!!!!!

=============================================================



[!] Propagation velocity! Id = 72
t1 = 2.7200000000
dvdt[62] = 2.9166469320

t2 = 3.1300000000
dvdt[72] = 3.5319466315
delta_x = 0.1639998561
delta_t = 0.4100000000

!!!!!!!! Propagation velocity = 399.999649 cm/s !!!!!!!!!!

=============================================================



[!] Propagation velocity! Id = 87
t1 = 3.3400000000
dvdt[77] = 3.5021904763

t2 = 3.8000000000
dvdt[87] = 1.4796605261
delta_x = 0.1639998561
delta_t = 0.4600000000

!!!!!!!! Propagation velocity = 356.521426 cm/s !!!!!!!!!!

=============================================================

