

[!] Propagation velocity! Id = 12
t1 = 0.9200000000
dvdt[2] = 4.2861266649

t2 = 1.5500000000
dvdt[12] = 3.6222124313
delta_x = 0.2000000000
delta_t = 0.6300000000

!!!!!!!! Propagation velocity = 317.460317 cm/s !!!!!!!!!!

=============================================================



[!] Propagation velocity! Id = 25
t1 = 1.7700000000
dvdt[15] = 3.5834588017

t2 = 2.5200000000
dvdt[25] = 3.5497969313
delta_x = 0.2000000000
delta_t = 0.7500000000

!!!!!!!! Propagation velocity = 266.666667 cm/s !!!!!!!!!!

=============================================================



[!] Propagation velocity! Id = 37
t1 = 2.6700000000
dvdt[27] = 3.5474442819

t2 = 3.4200000000
dvdt[37] = 3.5419537607
delta_x = 0.2000000000
delta_t = 0.7500000000

!!!!!!!! Propagation velocity = 266.666667 cm/s !!!!!!!!!!

=============================================================



[!] Propagation velocity! Id = 50
t1 = 3.6400000000
dvdt[40] = 3.5301246242

t2 = 8.7700000000
dvdt[50] = 4.1518766377
delta_x = 0.2000000000
delta_t = 5.1300000000

!!!!!!!! Propagation velocity = 38.986355 cm/s !!!!!!!!!!

=============================================================

