

[!] Propagation velocity! Id = 50
t1 = 3.9100000000
dvdt[40] = 1.4493061255

t2 = 4.6800000000
dvdt[50] = 1.4489623118
delta_x = 0.2000000000
delta_t = 0.7700000000

!!!!!!!! Propagation velocity = 259.740260 cm/s !!!!!!!!!!

=============================================================



[!] Propagation velocity! Id = 100
t1 = 7.7400000000
dvdt[90] = 1.4252729030

t2 = 8.8900000000
dvdt[100] = 1.0294955588
delta_x = 0.2000000000
delta_t = 1.1500000000

!!!!!!!! Propagation velocity = 173.913043 cm/s !!!!!!!!!!

=============================================================



[!] Propagation velocity! Id = 150
t1 = 11.8500000000
dvdt[140] = 1.4511483586

t2 = 12.6100000000
dvdt[150] = 1.4520766249
delta_x = 0.1999999301
delta_t = 0.7600000000

!!!!!!!! Propagation velocity = 263.157803 cm/s !!!!!!!!!!

=============================================================



[!] Propagation velocity! Id = 250
t1 = 11.8500000000
dvdt[240] = 1.4511483586

t2 = 12.6100000000
dvdt[250] = 1.4520766249
delta_x = 0.1999999301
delta_t = 0.7600000000

!!!!!!!! Propagation velocity = 263.157803 cm/s !!!!!!!!!!

=============================================================



[!] Propagation velocity! Id = 200
t1 = 15.7100000000
dvdt[190] = 1.3937855191

t2 = 18.4900000000
dvdt[200] = 1.7847910100
delta_x = 0.1999999301
delta_t = 2.7800000000

!!!!!!!! Propagation velocity = 71.942421 cm/s !!!!!!!!!!

=============================================================



[!] Propagation velocity! Id = 300
t1 = 15.7100000000
dvdt[290] = 1.3937855191

t2 = 18.4900000000
dvdt[300] = 1.7847910100
delta_x = 0.1999999301
delta_t = 2.7800000000

!!!!!!!! Propagation velocity = 71.942421 cm/s !!!!!!!!!!

=============================================================

