

[!] Propagation velocity! Id = 50
t1 = 502.9500000000
dvdt[40] = 3.5141130287

t2 = 503.3200000000
dvdt[50] = 3.5028977688
delta_x = 0.1000000000
delta_t = 0.3700000000

!!!!!!!! Propagation velocity = 270.270270 cm/s !!!!!!!!!!

=============================================================



[!] Propagation velocity! Id = 100
t1 = 504.8100000000
dvdt[90] = 3.4949834323

t2 = 505.1800000000
dvdt[100] = 3.4905701794
delta_x = 0.1000000000
delta_t = 0.3700000000

!!!!!!!! Propagation velocity = 270.270270 cm/s !!!!!!!!!!

=============================================================



[!] Propagation velocity! Id = 150
t1 = 506.6700000000
dvdt[140] = 3.4864070134

t2 = 507.0500000000
dvdt[150] = 3.4924233038
delta_x = 0.1000000000
delta_t = 0.3800000000

!!!!!!!! Propagation velocity = 263.157895 cm/s !!!!!!!!!!

=============================================================



[!] Propagation velocity! Id = 200
t1 = 508.5400000000
dvdt[190] = 3.3356616733

t2 = 517.5900000000
dvdt[200] = 3.7309863090
delta_x = 0.1000000000
delta_t = 9.0500000000

!!!!!!!! Propagation velocity = 11.049724 cm/s !!!!!!!!!!

=============================================================

