

[!] Propagation velocity! Id = 50
t1 = 4.0000000000
dvdt[45] = 1.4512992929

t2 = 4.3400000000
dvdt[50] = 1.4530984368
delta_x = 0.0820000000
delta_t = 0.3400000000

!!!!!!!! Propagation velocity = 241.176471 cm/s !!!!!!!!!!

=============================================================



[!] Propagation velocity! Id = 90
t1 = 6.8500000000
dvdt[85] = 1.4562233542

t2 = 7.2300000000
dvdt[90] = 1.4572706846
delta_x = 0.0819999280
delta_t = 0.3800000000

!!!!!!!! Propagation velocity = 215.789284 cm/s !!!!!!!!!!

=============================================================



[!] Propagation velocity! Id = 150
t1 = 6.8500000000
dvdt[145] = 1.4562233542

t2 = 7.2300000000
dvdt[150] = 1.4572706846
delta_x = 0.0819999280
delta_t = 0.3800000000

!!!!!!!! Propagation velocity = 215.789284 cm/s !!!!!!!!!!

=============================================================



[!] Propagation velocity! Id = 120
t1 = 9.1800000000
dvdt[115] = 0.9760908786

t2 = 17.5900000000
dvdt[120] = 1.2030027703
delta_x = 0.0819999280
delta_t = 8.4100000000

!!!!!!!! Propagation velocity = 9.750289 cm/s !!!!!!!!!!

=============================================================



[!] Propagation velocity! Id = 180
t1 = 9.1800000000
dvdt[175] = 0.9760908786

t2 = 17.5900000000
dvdt[180] = 1.2030027703
delta_x = 0.0819999280
delta_t = 8.4100000000

!!!!!!!! Propagation velocity = 9.750289 cm/s !!!!!!!!!!

=============================================================

