

[!] Propagation velocity! Id = 125
t1 = 9.6400000000
dvdt[115] = 1.4483608756

t2 = 10.4000000000
dvdt[125] = 1.4483269265
delta_x = 0.2000000000
delta_t = 0.7600000000

!!!!!!!! Propagation velocity = 263.157895 cm/s !!!!!!!!!!

=============================================================



[!] Propagation velocity! Id = 250
t1 = 19.1800000000
dvdt[240] = 1.4481732840

t2 = 19.9500000000
dvdt[250] = 1.4484328825
delta_x = 0.2000000000
delta_t = 0.7700000000

!!!!!!!! Propagation velocity = 259.740260 cm/s !!!!!!!!!!

=============================================================



[!] Propagation velocity! Id = 375
t1 = 28.7300000000
dvdt[365] = 1.4488458512

t2 = 29.5000000000
dvdt[375] = 1.4490042949
delta_x = 0.2000000000
delta_t = 0.7700000000

!!!!!!!! Propagation velocity = 259.740260 cm/s !!!!!!!!!!

=============================================================



[!] Propagation velocity! Id = 500
t1 = 38.3200000000
dvdt[490] = 1.4027111918

t2 = 40.1700000000
dvdt[500] = 1.8574100985
delta_x = 0.2000000000
delta_t = 1.8500000000

!!!!!!!! Propagation velocity = 108.108108 cm/s !!!!!!!!!!

=============================================================

