

[!] Propagation velocity! Id = 29
t1 = 1.9500000000
dvdt[19] = 3.5594399745

t2 = 2.5600000000
dvdt[29] = 3.5291087975
delta_x = 0.1640000000
delta_t = 0.6100000000

!!!!!!!! Propagation velocity = 268.852459 cm/s !!!!!!!!!!

=============================================================



[!] Propagation velocity! Id = 59
t1 = 3.7800000000
dvdt[49] = 3.5206344129

t2 = 4.3900000000
dvdt[59] = 3.5211812558
delta_x = 0.1640000000
delta_t = 0.6100000000

!!!!!!!! Propagation velocity = 268.852459 cm/s !!!!!!!!!!

=============================================================



[!] Propagation velocity! Id = 88
t1 = 5.5500000000
dvdt[78] = 3.5200740443

t2 = 6.1600000000
dvdt[88] = 3.5168321853
delta_x = 0.1640000000
delta_t = 0.6100000000

!!!!!!!! Propagation velocity = 268.852459 cm/s !!!!!!!!!!

=============================================================



[!] Propagation velocity! Id = 118
t1 = 7.3900000000
dvdt[108] = 3.5110000862

t2 = 31.1100000000
dvdt[118] = 1.6302432750
delta_x = 0.1640000000
delta_t = 23.7200000000

!!!!!!!! Propagation velocity = 6.913997 cm/s !!!!!!!!!!

=============================================================

