

[!] Propagation velocity! Id = 59
t1 = 4.4000000000
dvdt[54] = 1.4473921389

t2 = 4.7100000000
dvdt[59] = 1.4474613788
delta_x = 0.0820000000
delta_t = 0.3100000000

!!!!!!!! Propagation velocity = 264.516129 cm/s !!!!!!!!!!

=============================================================



[!] Propagation velocity! Id = 119
t1 = 8.1200000000
dvdt[114] = 1.4480310594

t2 = 8.4300000000
dvdt[119] = 1.4481264282
delta_x = 0.0820000000
delta_t = 0.3100000000

!!!!!!!! Propagation velocity = 264.516129 cm/s !!!!!!!!!!

=============================================================



[!] Propagation velocity! Id = 178
t1 = 11.7900000000
dvdt[173] = 1.4511924979

t2 = 12.1000000000
dvdt[178] = 1.4517399672
delta_x = 0.0820000000
delta_t = 0.3100000000

!!!!!!!! Propagation velocity = 264.516129 cm/s !!!!!!!!!!

=============================================================



[!] Propagation velocity! Id = 242
t1 = 15.8300000000
dvdt[237] = 0.8342670875

t2 = 21.5500000000
dvdt[242] = 1.4142591382
delta_x = 0.0820000000
delta_t = 5.7200000000

!!!!!!!! Propagation velocity = 14.335664 cm/s !!!!!!!!!!

=============================================================

