

[!] Propagation velocity! Id = 59
t1 = 4.7100000000
dvdt[54] = 1.4485261910

t2 = 5.0600000000
dvdt[59] = 1.4485444427
delta_x = 0.0820000000
delta_t = 0.3500000000

!!!!!!!! Propagation velocity = 234.285714 cm/s !!!!!!!!!!

=============================================================



[!] Propagation velocity! Id = 119
t1 = 8.9100000000
dvdt[114] = 1.4490131699

t2 = 9.2600000000
dvdt[119] = 1.4491214670
delta_x = 0.0820000000
delta_t = 0.3500000000

!!!!!!!! Propagation velocity = 234.285714 cm/s !!!!!!!!!!

=============================================================



[!] Propagation velocity! Id = 178
t1 = 13.0500000000
dvdt[173] = 1.4518264745

t2 = 13.4000000000
dvdt[178] = 1.4524827540
delta_x = 0.0820000000
delta_t = 0.3500000000

!!!!!!!! Propagation velocity = 234.285714 cm/s !!!!!!!!!!

=============================================================



[!] Propagation velocity! Id = 242
t1 = 17.6200000000
dvdt[237] = 0.9130932362

t2 = 35.8600000000
dvdt[242] = 0.6897745046
delta_x = 0.0820000000
delta_t = 18.2400000000

!!!!!!!! Propagation velocity = 4.495614 cm/s !!!!!!!!!!

=============================================================

