

[!] Propagation velocity! Id = 125
t1 = 9.6400000000
dvdt[115] = 1.4483616895

t2 = 10.4000000000
dvdt[125] = 1.4483275974
delta_x = 0.2000000000
delta_t = 0.7600000000

!!!!!!!! Propagation velocity = 263.157895 cm/s !!!!!!!!!!

=============================================================



[!] Propagation velocity! Id = 250
t1 = 19.1800000000
dvdt[240] = 1.4481802544

t2 = 19.9500000000
dvdt[250] = 1.4484534053
delta_x = 0.2000000000
delta_t = 0.7700000000

!!!!!!!! Propagation velocity = 259.740260 cm/s !!!!!!!!!!

=============================================================



[!] Propagation velocity! Id = 375
t1 = 28.7300000000
dvdt[365] = 1.4489811319

t2 = 29.5000000000
dvdt[375] = 1.4493622336
delta_x = 0.2000000000
delta_t = 0.7700000000

!!!!!!!! Propagation velocity = 259.740260 cm/s !!!!!!!!!!

=============================================================



[!] Propagation velocity! Id = 500
t1 = 38.3500000000
dvdt[490] = 1.3906172877

t2 = 43.3900000000
dvdt[500] = 1.5163484469
delta_x = 0.2000000000
delta_t = 5.0400000000

!!!!!!!! Propagation velocity = 39.682540 cm/s !!!!!!!!!!

=============================================================

