

[!] Propagation velocity! Id = 59
t1 = 4.1200000000
dvdt[49] = 1.4488640736

t2 = 4.7500000000
dvdt[59] = 1.4488269697
delta_x = 0.1640000000
delta_t = 0.6300000000

!!!!!!!! Propagation velocity = 260.317460 cm/s !!!!!!!!!!

=============================================================



[!] Propagation velocity! Id = 121
t1 = 8.0100000000
dvdt[111] = 1.4028219056

t2 = 9.0300000000
dvdt[121] = 1.0389746513
delta_x = 0.1640000000
delta_t = 1.0200000000

!!!!!!!! Propagation velocity = 160.784314 cm/s !!!!!!!!!!

=============================================================



[!] Propagation velocity! Id = 178
t1 = 11.8800000000
dvdt[168] = 1.4524153430

t2 = 12.5100000000
dvdt[178] = 1.4534611993
delta_x = 0.1640007221
delta_t = 0.6300000000

!!!!!!!! Propagation velocity = 260.318606 cm/s !!!!!!!!!!

=============================================================



[!] Propagation velocity! Id = 297
t1 = 11.7500000000
dvdt[287] = 1.4520020807

t2 = 12.3800000000
dvdt[297] = 1.4530757938
delta_x = 0.1639998561
delta_t = 0.6300000000

!!!!!!!! Propagation velocity = 260.317232 cm/s !!!!!!!!!!

=============================================================



[!] Propagation velocity! Id = 242
t1 = 15.9600000000
dvdt[232] = 1.3149324913

t2 = 43.4800000000
dvdt[242] = 0.4064928103
delta_x = 0.1639998561
delta_t = 27.5200000000

!!!!!!!! Propagation velocity = 5.959297 cm/s !!!!!!!!!!

=============================================================



[!] Propagation velocity! Id = 363
t1 = 15.9600000000
dvdt[353] = 1.3149324913

t2 = 43.4800000000
dvdt[363] = 0.4064928103
delta_x = 0.1639998561
delta_t = 27.5200000000

!!!!!!!! Propagation velocity = 5.959297 cm/s !!!!!!!!!!

=============================================================

