

[!] Propagation velocity! Id = 36
t1 = 0.5600000000
dvdt[26] = 0.0703730718

t2 = 1.0800000000
dvdt[36] = 0.0504253743
delta_x = 0.0680000000
delta_t = 0.5200000000

!!!!!!!! Propagation velocity = 130.769231 cm/s !!!!!!!!!!

=============================================================



[!] Propagation velocity! Id = 73
t1 = 3.1700000000
dvdt[63] = 0.0289873852

t2 = 3.2800000000
dvdt[73] = 0.0237725529
delta_x = 0.0680000000
delta_t = 0.1100000000

!!!!!!!! Propagation velocity = 618.181818 cm/s !!!!!!!!!!

=============================================================



[!] Propagation velocity! Id = 109
t1 = 3.6500000000
dvdt[99] = 0.0131087425

t2 = 3.8100000000
dvdt[109] = 0.0099510967
delta_x = 0.0680000000
delta_t = 0.1600000000

!!!!!!!! Propagation velocity = 425.000000 cm/s !!!!!!!!!!

=============================================================



[!] Propagation velocity! Id = 146
t1 = 4.1600000000
dvdt[136] = 0.0027029656

t2 = 6.0000000000
dvdt[146] = 0.0002934957
delta_x = 0.0680000000
delta_t = 1.8400000000

!!!!!!!! Propagation velocity = 36.956522 cm/s !!!!!!!!!!

=============================================================

