

[!] Propagation velocity! Id = 14
t1 = 1.4500000000
dvdt[4] = 1.5901569739

t2 = 1.9700000000
dvdt[14] = 1.4635502746
delta_x = 0.1640000000
delta_t = 0.5200000000

!!!!!!!! Propagation velocity = 315.384615 cm/s !!!!!!!!!!

=============================================================



[!] Propagation velocity! Id = 29
t1 = 2.2800000000
dvdt[19] = 1.4547675177

t2 = 2.9100000000
dvdt[29] = 1.4570630875
delta_x = 0.1640000000
delta_t = 0.6300000000

!!!!!!!! Propagation velocity = 260.317460 cm/s !!!!!!!!!!

=============================================================



[!] Propagation velocity! Id = 43
t1 = 3.1600000000
dvdt[33] = 1.4573515684

t2 = 3.7900000000
dvdt[43] = 1.4437761107
delta_x = 0.1640000000
delta_t = 0.6300000000

!!!!!!!! Propagation velocity = 260.317460 cm/s !!!!!!!!!!

=============================================================



[!] Propagation velocity! Id = 58
t1 = 4.1200000000
dvdt[48] = 1.3897805740

t2 = 7.3500000000
dvdt[58] = 1.1736713220
delta_x = 0.1640000000
delta_t = 3.2300000000

!!!!!!!! Propagation velocity = 50.773994 cm/s !!!!!!!!!!

=============================================================

