

[!] Propagation velocity! Id = 12
t1 = 1.1400000000
dvdt[2] = 3.8703188510

t2 = 1.5500000000
dvdt[12] = 3.6520655090
delta_x = 0.2000000000
delta_t = 0.4100000000

!!!!!!!! Propagation velocity = 487.804878 cm/s !!!!!!!!!!

=============================================================



[!] Propagation velocity! Id = 25
t1 = 1.7000000000
dvdt[15] = 3.5913523535

t2 = 2.3700000000
dvdt[25] = 1.9238597860
delta_x = 0.2000000000
delta_t = 0.6700000000

!!!!!!!! Propagation velocity = 298.507463 cm/s !!!!!!!!!!

=============================================================



[!] Propagation velocity! Id = 37
t1 = 2.4900000000
dvdt[27] = 3.0204343164

t2 = 2.9900000000
dvdt[37] = 3.5067814328
delta_x = 0.1999999301
delta_t = 0.5000000000

!!!!!!!! Propagation velocity = 399.999860 cm/s !!!!!!!!!!

=============================================================



[!] Propagation velocity! Id = 50
t1 = 3.1500000000
dvdt[40] = 3.4686214129

t2 = 2.4400000000
dvdt[50] = 2.5726659285
delta_x = 0.3200007542
delta_t = -0.7100000000

!!!!!!!! Propagation velocity = 0.000000 cm/s !!!!!!!!!!

=============================================================



[!] Propagation velocity! Id = 62
t1 = 2.5400000000
dvdt[52] = 3.2658156619

t2 = 3.0500000000
dvdt[62] = 3.5010830243
delta_x = 0.1999999301
delta_t = 0.5100000000

!!!!!!!! Propagation velocity = 392.156726 cm/s !!!!!!!!!!

=============================================================



[!] Propagation velocity! Id = 75
t1 = 3.2000000000
dvdt[65] = 3.4246854629

t2 = 3.7600000000
dvdt[75] = 0.1107351649
delta_x = 2.1599999441
delta_t = 0.5600000000

!!!!!!!! Propagation velocity = 3857.142757 cm/s !!!!!!!!!!

=============================================================

