

[!] Propagation velocity! Id = 59
t1 = 3.6500000000
dvdt[54] = 3.4995862338

t2 = 3.8900000000
dvdt[59] = 3.4965892826
delta_x = 0.0820000000
delta_t = 0.2400000000

!!!!!!!! Propagation velocity = 341.666667 cm/s !!!!!!!!!!

=============================================================



[!] Propagation velocity! Id = 119
t1 = 6.5600000000
dvdt[114] = 3.4949309623

t2 = 6.8000000000
dvdt[119] = 3.4950853682
delta_x = 0.0820000000
delta_t = 0.2400000000

!!!!!!!! Propagation velocity = 341.666667 cm/s !!!!!!!!!!

=============================================================



[!] Propagation velocity! Id = 178
t1 = 9.4200000000
dvdt[173] = 3.4927629734

t2 = 9.6600000000
dvdt[178] = 3.4873660583
delta_x = 0.0820000000
delta_t = 0.2400000000

!!!!!!!! Propagation velocity = 341.666667 cm/s !!!!!!!!!!

=============================================================



[!] Propagation velocity! Id = 242
t1 = 12.5500000000
dvdt[237] = 3.0576805175

t2 = 13.2400000000
dvdt[242] = 4.9272228694
delta_x = 0.0820000000
delta_t = 0.6900000000

!!!!!!!! Propagation velocity = 118.840580 cm/s !!!!!!!!!!

=============================================================

