

[!] Propagation velocity! Id = 73
t1 = 8.1400000000
dvdt[63] = 0.9330732040

t2 = 8.3000000000
dvdt[73] = 1.0486339192
delta_x = 0.0680000000
delta_t = 0.1600000000

!!!!!!!! Propagation velocity = 425.000000 cm/s !!!!!!!!!!

=============================================================



[!] Propagation velocity! Id = 147
t1 = 9.7900000000
dvdt[137] = 1.1191950849

t2 = 10.3900000000
dvdt[147] = 1.0284899403
delta_x = 0.0680000000
delta_t = 0.6000000000

!!!!!!!! Propagation velocity = 113.333333 cm/s !!!!!!!!!!

=============================================================



[!] Propagation velocity! Id = 220
t1 = 11.9000000000
dvdt[210] = 1.4232773831

t2 = 12.1500000000
dvdt[220] = 1.4261215717
delta_x = 0.0680002360
delta_t = 0.2500000000

!!!!!!!! Propagation velocity = 272.000944 cm/s !!!!!!!!!!

=============================================================



[!] Propagation velocity! Id = 367
t1 = 11.9000000000
dvdt[357] = 1.4232773831

t2 = 12.1500000000
dvdt[367] = 1.4261215717
delta_x = 0.0680002360
delta_t = 0.2500000000

!!!!!!!! Propagation velocity = 272.000944 cm/s !!!!!!!!!!

=============================================================



[!] Propagation velocity! Id = 294
t1 = 13.8000000000
dvdt[284] = 0.6725398874

t2 = 14.3900000000
dvdt[294] = 0.0165365496
delta_x = 0.0680002360
delta_t = 0.5900000000

!!!!!!!! Propagation velocity = 115.254637 cm/s !!!!!!!!!!

=============================================================



[!] Propagation velocity! Id = 441
t1 = 13.8000000000
dvdt[431] = 0.6725398874

t2 = 14.3900000000
dvdt[441] = 0.0165365496
delta_x = 0.0680002360
delta_t = 0.5900000000

!!!!!!!! Propagation velocity = 115.254637 cm/s !!!!!!!!!!

=============================================================

