

[!] Propagation velocity! Id = 73
t1 = 2.3200000000
dvdt[63] = 0.0430025468

t2 = 2.5000000000
dvdt[73] = 0.0334940712
delta_x = 0.0680000000
delta_t = 0.1800000000

!!!!!!!! Propagation velocity = 377.777778 cm/s !!!!!!!!!!

=============================================================



[!] Propagation velocity! Id = 147
t1 = 4.6400000000
dvdt[137] = 0.0081869583

t2 = 5.0900000000
dvdt[147] = 0.0068061216
delta_x = 0.0680000000
delta_t = 0.4500000000

!!!!!!!! Propagation velocity = 151.111111 cm/s !!!!!!!!!!

=============================================================



[!] Propagation velocity! Id = 220
t1 = 8.2800000000
dvdt[210] = 0.0024428039

t2 = 8.7400000000
dvdt[220] = 0.0020913127
delta_x = 0.0680000000
delta_t = 0.4600000000

!!!!!!!! Propagation velocity = 147.826087 cm/s !!!!!!!!!!

=============================================================



[!] Propagation velocity! Id = 294
t1 = 12.1300000000
dvdt[284] = 0.0004804363

t2 = 16.1600000000
dvdt[294] = 0.0003384105
delta_x = 0.0680000000
delta_t = 4.0300000000

!!!!!!!! Propagation velocity = 16.873449 cm/s !!!!!!!!!!

=============================================================

