

[!] Propagation velocity! Id = 25
t1 = 1.7600000000
dvdt[15] = 3.5922952218

t2 = 2.5000000000
dvdt[25] = 3.5554080222
delta_x = 0.2000000000
delta_t = 0.7400000000

!!!!!!!! Propagation velocity = 270.270270 cm/s !!!!!!!!!!

=============================================================



[!] Propagation velocity! Id = 50
t1 = 3.6200000000
dvdt[40] = 3.5470278837

t2 = 4.3700000000
dvdt[50] = 3.5469342649
delta_x = 0.2000000000
delta_t = 0.7500000000

!!!!!!!! Propagation velocity = 266.666667 cm/s !!!!!!!!!!

=============================================================



[!] Propagation velocity! Id = 75
t1 = 5.4900000000
dvdt[65] = 3.5445213618

t2 = 6.2400000000
dvdt[75] = 3.5452667384
delta_x = 0.2000000000
delta_t = 0.7500000000

!!!!!!!! Propagation velocity = 266.666667 cm/s !!!!!!!!!!

=============================================================



[!] Propagation velocity! Id = 100
t1 = 7.3600000000
dvdt[90] = 3.5355437072

t2 = 33.6400000000
dvdt[100] = 2.1018174157
delta_x = 0.2000000000
delta_t = 26.2800000000

!!!!!!!! Propagation velocity = 7.610350 cm/s !!!!!!!!!!

=============================================================

