

[!] Propagation velocity! Id = 30
t1 = 2.6500000000
dvdt[25] = 1.4449403034

t2 = 2.9900000000
dvdt[30] = 1.4380394297
delta_x = 0.0820000000
delta_t = 0.3400000000

!!!!!!!! Propagation velocity = 241.176471 cm/s !!!!!!!!!!

=============================================================



[!] Propagation velocity! Id = 60
t1 = 4.7700000000
dvdt[55] = 1.4473663716

t2 = 5.1300000000
dvdt[60] = 1.4470818973
delta_x = 0.0819999280
delta_t = 0.3600000000

!!!!!!!! Propagation velocity = 227.777578 cm/s !!!!!!!!!!

=============================================================



[!] Propagation velocity! Id = 180
t1 = 4.7700000000
dvdt[175] = 1.4473663716

t2 = 5.1300000000
dvdt[180] = 1.4470818973
delta_x = 0.0819999280
delta_t = 0.3600000000

!!!!!!!! Propagation velocity = 227.777578 cm/s !!!!!!!!!!

=============================================================



[!] Propagation velocity! Id = 100
t1 = 7.7700000000
dvdt[95] = 1.4475817116

t2 = 8.1700000000
dvdt[100] = 1.4484882759
delta_x = 0.0820000000
delta_t = 0.4000000000

!!!!!!!! Propagation velocity = 205.000000 cm/s !!!!!!!!!!

=============================================================



[!] Propagation velocity! Id = 140
t1 = 7.7700000000
dvdt[135] = 1.4475817116

t2 = 8.1700000000
dvdt[140] = 1.4484882759
delta_x = 0.0819999280
delta_t = 0.4000000000

!!!!!!!! Propagation velocity = 204.999820 cm/s !!!!!!!!!!

=============================================================



[!] Propagation velocity! Id = 220
t1 = 7.7700000000
dvdt[215] = 1.4475817116

t2 = 8.1700000000
dvdt[220] = 1.4484882759
delta_x = 0.0819999280
delta_t = 0.4000000000

!!!!!!!! Propagation velocity = 204.999820 cm/s !!!!!!!!!!

=============================================================



[!] Propagation velocity! Id = 260
t1 = 7.7700000000
dvdt[255] = 1.4475817116

t2 = 8.1700000000
dvdt[260] = 1.4484882759
delta_x = 0.0820000000
delta_t = 0.4000000000

!!!!!!!! Propagation velocity = 205.000000 cm/s !!!!!!!!!!

=============================================================



[!] Propagation velocity! Id = 120
t1 = 9.3200000000
dvdt[115] = 1.7872537200

t2 = 9.4700000000
dvdt[120] = 2.4530032054
delta_x = 0.0820000000
delta_t = 0.1500000000

!!!!!!!! Propagation velocity = 546.666667 cm/s !!!!!!!!!!

=============================================================



[!] Propagation velocity! Id = 160
t1 = 9.3200000000
dvdt[155] = 1.7872537200

t2 = 9.4700000000
dvdt[160] = 2.4530032054
delta_x = 0.0819999280
delta_t = 0.1500000000

!!!!!!!! Propagation velocity = 546.666187 cm/s !!!!!!!!!!

=============================================================



[!] Propagation velocity! Id = 240
t1 = 9.3200000000
dvdt[235] = 1.7872537200

t2 = 9.4700000000
dvdt[240] = 2.4530032054
delta_x = 0.0819999280
delta_t = 0.1500000000

!!!!!!!! Propagation velocity = 546.666187 cm/s !!!!!!!!!!

=============================================================



[!] Propagation velocity! Id = 280
t1 = 9.3200000000
dvdt[275] = 1.7872537200

t2 = 9.4700000000
dvdt[280] = 2.4530032054
delta_x = 0.0820000000
delta_t = 0.1500000000

!!!!!!!! Propagation velocity = 546.666667 cm/s !!!!!!!!!!

=============================================================

