

[!] Propagation velocity! Id = 12
t1 = 1.2200000000
dvdt[2] = 1.7107105933

t2 = 1.8000000000
dvdt[12] = 1.4704320821
delta_x = 0.2000000000
delta_t = 0.5800000000

!!!!!!!! Propagation velocity = 344.827586 cm/s !!!!!!!!!!

=============================================================



[!] Propagation velocity! Id = 25
t1 = 2.0300000000
dvdt[15] = 1.4623660125

t2 = 2.8000000000
dvdt[25] = 1.4587443911
delta_x = 0.2000000000
delta_t = 0.7700000000

!!!!!!!! Propagation velocity = 259.740260 cm/s !!!!!!!!!!

=============================================================



[!] Propagation velocity! Id = 37
t1 = 2.9500000000
dvdt[27] = 1.4587592223

t2 = 3.7300000000
dvdt[37] = 1.4395413616
delta_x = 0.2000000000
delta_t = 0.7800000000

!!!!!!!! Propagation velocity = 256.410256 cm/s !!!!!!!!!!

=============================================================



[!] Propagation velocity! Id = 50
t1 = 3.9700000000
dvdt[40] = 1.3970248119

t2 = 6.7500000000
dvdt[50] = 1.7443320018
delta_x = 0.2000000000
delta_t = 2.7800000000

!!!!!!!! Propagation velocity = 71.942446 cm/s !!!!!!!!!!

=============================================================

