

[!] Propagation velocity! Id = 14
t1 = 1.4600000000
dvdt[4] = 1.5929953689

t2 = 1.9800000000
dvdt[14] = 1.4662504734
delta_x = 0.1640000000
delta_t = 0.5200000000

!!!!!!!! Propagation velocity = 315.384615 cm/s !!!!!!!!!!

=============================================================



[!] Propagation velocity! Id = 29
t1 = 2.2900000000
dvdt[19] = 1.4575635395

t2 = 2.9200000000
dvdt[29] = 1.4600971882
delta_x = 0.1640000000
delta_t = 0.6300000000

!!!!!!!! Propagation velocity = 260.317460 cm/s !!!!!!!!!!

=============================================================



[!] Propagation velocity! Id = 43
t1 = 3.1700000000
dvdt[33] = 1.4599796616

t2 = 3.8100000000
dvdt[43] = 1.4447594921
delta_x = 0.1640000000
delta_t = 0.6400000000

!!!!!!!! Propagation velocity = 256.250000 cm/s !!!!!!!!!!

=============================================================



[!] Propagation velocity! Id = 58
t1 = 4.1400000000
dvdt[48] = 1.3836334771

t2 = 24.4300000000
dvdt[58] = 0.5618839572
delta_x = 0.1640000000
delta_t = 20.2900000000

!!!!!!!! Propagation velocity = 8.082799 cm/s !!!!!!!!!!

=============================================================

