

[!] Propagation velocity! Id = 73
t1 = 2.3200000000
dvdt[63] = 0.0428245639

t2 = 2.4900000000
dvdt[73] = 0.0333457024
delta_x = 0.0680000000
delta_t = 0.1700000000

!!!!!!!! Propagation velocity = 400.000000 cm/s !!!!!!!!!!

=============================================================



[!] Propagation velocity! Id = 147
t1 = 4.6100000000
dvdt[137] = 0.0081020036

t2 = 5.0600000000
dvdt[147] = 0.0067263850
delta_x = 0.0680000000
delta_t = 0.4500000000

!!!!!!!! Propagation velocity = 151.111111 cm/s !!!!!!!!!!

=============================================================



[!] Propagation velocity! Id = 220
t1 = 8.1900000000
dvdt[210] = 0.0023899854

t2 = 8.6500000000
dvdt[220] = 0.0020412064
delta_x = 0.0680000000
delta_t = 0.4600000000

!!!!!!!! Propagation velocity = 147.826087 cm/s !!!!!!!!!!

=============================================================



[!] Propagation velocity! Id = 294
t1 = 11.0900000000
dvdt[284] = 0.0004007945

t2 = 16.0600000000
dvdt[294] = 0.0002229302
delta_x = 0.0680000000
delta_t = 4.9700000000

!!!!!!!! Propagation velocity = 13.682093 cm/s !!!!!!!!!!

=============================================================

