

[!] Propagation velocity! Id = 59
t1 = 3.6100000000
dvdt[54] = 3.4943364792

t2 = 3.8500000000
dvdt[59] = 3.4989557799
delta_x = 0.0820000000
delta_t = 0.2400000000

!!!!!!!! Propagation velocity = 341.666667 cm/s !!!!!!!!!!

=============================================================



[!] Propagation velocity! Id = 119
t1 = 6.4600000000
dvdt[114] = 3.4936246469

t2 = 6.6900000000
dvdt[119] = 3.4905022775
delta_x = 0.0820000000
delta_t = 0.2300000000

!!!!!!!! Propagation velocity = 356.521739 cm/s !!!!!!!!!!

=============================================================



[!] Propagation velocity! Id = 178
t1 = 9.2600000000
dvdt[173] = 3.4874688997

t2 = 9.4900000000
dvdt[178] = 3.4929110410
delta_x = 0.0820000000
delta_t = 0.2300000000

!!!!!!!! Propagation velocity = 356.521739 cm/s !!!!!!!!!!

=============================================================



[!] Propagation velocity! Id = 242
t1 = 12.3100000000
dvdt[237] = 2.8617563839

t2 = 20.2000000000
dvdt[242] = 3.6839952536
delta_x = 0.0820000000
delta_t = 7.8900000000

!!!!!!!! Propagation velocity = 10.392902 cm/s !!!!!!!!!!

=============================================================

