

[!] Propagation velocity! Id = 29
t1 = 2.2600000000
dvdt[19] = 1.4486970591

t2 = 2.8800000000
dvdt[29] = 1.4510765113
delta_x = 0.1640000000
delta_t = 0.6200000000

!!!!!!!! Propagation velocity = 264.516129 cm/s !!!!!!!!!!

=============================================================



[!] Propagation velocity! Id = 60
t1 = 4.2100000000
dvdt[50] = 1.4057481110

t2 = 5.2300000000
dvdt[60] = 1.0414073316
delta_x = 0.1640000000
delta_t = 1.0200000000

!!!!!!!! Propagation velocity = 160.784314 cm/s !!!!!!!!!!

=============================================================



[!] Propagation velocity! Id = 88
t1 = 6.2700000000
dvdt[78] = 1.4541630188

t2 = 6.8900000000
dvdt[88] = 1.4566357362
delta_x = 0.1639998561
delta_t = 0.6200000000

!!!!!!!! Propagation velocity = 264.515897 cm/s !!!!!!!!!!

=============================================================



[!] Propagation velocity! Id = 147
t1 = 6.2000000000
dvdt[137] = 1.4539270029

t2 = 6.8300000000
dvdt[147] = 1.4567689868
delta_x = 0.1639998561
delta_t = 0.6300000000

!!!!!!!! Propagation velocity = 260.317232 cm/s !!!!!!!!!!

=============================================================



[!] Propagation velocity! Id = 120
t1 = 8.3100000000
dvdt[110] = 1.3201491064

t2 = 14.5100000000
dvdt[120] = 1.3928277034
delta_x = 0.1639998561
delta_t = 6.2000000000

!!!!!!!! Propagation velocity = 26.451590 cm/s !!!!!!!!!!

=============================================================



[!] Propagation velocity! Id = 180
t1 = 8.3100000000
dvdt[170] = 1.3201491064

t2 = 14.5100000000
dvdt[180] = 1.3928277034
delta_x = 0.1639998561
delta_t = 6.2000000000

!!!!!!!! Propagation velocity = 26.451590 cm/s !!!!!!!!!!

=============================================================

