

[!] Propagation velocity! Id = 30
t1 = 2.6700000000
dvdt[25] = 1.4485633073

t2 = 3.0100000000
dvdt[30] = 1.4336264560
delta_x = 0.0820000000
delta_t = 0.3400000000

!!!!!!!! Propagation velocity = 241.176471 cm/s !!!!!!!!!!

=============================================================



[!] Propagation velocity! Id = 60
t1 = 4.8600000000
dvdt[55] = 1.4544860923

t2 = 5.2100000000
dvdt[60] = 1.4548853858
delta_x = 0.0819999280
delta_t = 0.3500000000

!!!!!!!! Propagation velocity = 234.285509 cm/s !!!!!!!!!!

=============================================================



[!] Propagation velocity! Id = 180
t1 = 4.8600000000
dvdt[175] = 1.4544860923

t2 = 5.2100000000
dvdt[180] = 1.4548853858
delta_x = 0.0819999280
delta_t = 0.3500000000

!!!!!!!! Propagation velocity = 234.285509 cm/s !!!!!!!!!!

=============================================================



[!] Propagation velocity! Id = 100
t1 = 7.8800000000
dvdt[95] = 1.4605395445

t2 = 8.2600000000
dvdt[100] = 1.4595985040
delta_x = 0.0820000000
delta_t = 0.3800000000

!!!!!!!! Propagation velocity = 215.789474 cm/s !!!!!!!!!!

=============================================================



[!] Propagation velocity! Id = 140
t1 = 7.8800000000
dvdt[135] = 1.4605395445

t2 = 8.2600000000
dvdt[140] = 1.4595985040
delta_x = 0.0819999280
delta_t = 0.3800000000

!!!!!!!! Propagation velocity = 215.789284 cm/s !!!!!!!!!!

=============================================================



[!] Propagation velocity! Id = 220
t1 = 7.8800000000
dvdt[215] = 1.4605395445

t2 = 8.2600000000
dvdt[220] = 1.4595985040
delta_x = 0.0819999280
delta_t = 0.3800000000

!!!!!!!! Propagation velocity = 215.789284 cm/s !!!!!!!!!!

=============================================================



[!] Propagation velocity! Id = 260
t1 = 7.8800000000
dvdt[255] = 1.4605395445

t2 = 8.2600000000
dvdt[260] = 1.4595985040
delta_x = 0.0820000000
delta_t = 0.3800000000

!!!!!!!! Propagation velocity = 215.789474 cm/s !!!!!!!!!!

=============================================================



[!] Propagation velocity! Id = 120
t1 = 9.4400000000
dvdt[115] = 0.9593123278

t2 = 10.2000000000
dvdt[120] = 0.0318206286
delta_x = 0.0820000000
delta_t = 0.7600000000

!!!!!!!! Propagation velocity = 107.894737 cm/s !!!!!!!!!!

=============================================================



[!] Propagation velocity! Id = 160
t1 = 9.4400000000
dvdt[155] = 0.9593123278

t2 = 10.2000000000
dvdt[160] = 0.0318206286
delta_x = 0.0819999280
delta_t = 0.7600000000

!!!!!!!! Propagation velocity = 107.894642 cm/s !!!!!!!!!!

=============================================================



[!] Propagation velocity! Id = 240
t1 = 9.4400000000
dvdt[235] = 0.9593123278

t2 = 10.2000000000
dvdt[240] = 0.0318206286
delta_x = 0.0819999280
delta_t = 0.7600000000

!!!!!!!! Propagation velocity = 107.894642 cm/s !!!!!!!!!!

=============================================================



[!] Propagation velocity! Id = 280
t1 = 9.4400000000
dvdt[275] = 0.9593123278

t2 = 10.2000000000
dvdt[280] = 0.0318206286
delta_x = 0.0820000000
delta_t = 0.7600000000

!!!!!!!! Propagation velocity = 107.894737 cm/s !!!!!!!!!!

=============================================================

