

[!] Propagation velocity! Id = 25
t1 = 2.0200000000
dvdt[15] = 1.4580148128

t2 = 2.7800000000
dvdt[25] = 1.4540904599
delta_x = 0.2000000000
delta_t = 0.7600000000

!!!!!!!! Propagation velocity = 263.157895 cm/s !!!!!!!!!!

=============================================================



[!] Propagation velocity! Id = 50
t1 = 3.9400000000
dvdt[40] = 1.4309993973

t2 = 5.1000000000
dvdt[50] = 1.0335129517
delta_x = 0.2000000000
delta_t = 1.1600000000

!!!!!!!! Propagation velocity = 172.413793 cm/s !!!!!!!!!!

=============================================================



[!] Propagation velocity! Id = 75
t1 = 6.1600000000
dvdt[65] = 1.4568196163

t2 = 6.9300000000
dvdt[75] = 1.4594421361
delta_x = 0.1999999301
delta_t = 0.7700000000

!!!!!!!! Propagation velocity = 259.740169 cm/s !!!!!!!!!!

=============================================================



[!] Propagation velocity! Id = 125
t1 = 6.2300000000
dvdt[115] = 1.4570018207

t2 = 7.0100000000
dvdt[125] = 1.4591944616
delta_x = 0.1999999301
delta_t = 0.7800000000

!!!!!!!! Propagation velocity = 256.410167 cm/s !!!!!!!!!!

=============================================================



[!] Propagation velocity! Id = 99
t1 = 8.0300000000
dvdt[89] = 1.3876163287

t2 = 22.6600000000
dvdt[99] = 0.8649927586
delta_x = 0.1999999301
delta_t = 14.6300000000

!!!!!!!! Propagation velocity = 13.670535 cm/s !!!!!!!!!!

=============================================================



[!] Propagation velocity! Id = 148
t1 = 8.0300000000
dvdt[138] = 1.3876163287

t2 = 22.6600000000
dvdt[148] = 0.8649927586
delta_x = 0.1999999301
delta_t = 14.6300000000

!!!!!!!! Propagation velocity = 13.670535 cm/s !!!!!!!!!!

=============================================================

