

[!] Propagation velocity! Id = 59
t1 = 3.7800000000
dvdt[49] = 3.5132707895

t2 = 4.4000000000
dvdt[59] = 3.5146560692
delta_x = 0.1640000000
delta_t = 0.6200000000

!!!!!!!! Propagation velocity = 264.516129 cm/s !!!!!!!!!!

=============================================================



[!] Propagation velocity! Id = 119
t1 = 7.4500000000
dvdt[109] = 3.5195310800

t2 = 8.0600000000
dvdt[119] = 3.5175155701
delta_x = 0.1640000000
delta_t = 0.6100000000

!!!!!!!! Propagation velocity = 268.852459 cm/s !!!!!!!!!!

=============================================================



[!] Propagation velocity! Id = 178
t1 = 11.0500000000
dvdt[168] = 3.5195051267

t2 = 11.6600000000
dvdt[178] = 3.5217673241
delta_x = 0.1640000000
delta_t = 0.6100000000

!!!!!!!! Propagation velocity = 268.852459 cm/s !!!!!!!!!!

=============================================================



[!] Propagation velocity! Id = 242
t1 = 14.9500000000
dvdt[232] = 3.5135917924

t2 = 15.6700000000
dvdt[242] = 0.0917117573
delta_x = 0.1640000000
delta_t = 0.7200000000

!!!!!!!! Propagation velocity = 227.777778 cm/s !!!!!!!!!!

=============================================================

