

[!] Propagation velocity! Id = 59
t1 = 4.2600000000
dvdt[54] = 1.4471139044

t2 = 4.5500000000
dvdt[59] = 1.4472120155
delta_x = 0.0820000000
delta_t = 0.2900000000

!!!!!!!! Propagation velocity = 282.758621 cm/s !!!!!!!!!!

=============================================================



[!] Propagation velocity! Id = 119
t1 = 7.7400000000
dvdt[114] = 1.4478400695

t2 = 8.0300000000
dvdt[119] = 1.4479457337
delta_x = 0.0820000000
delta_t = 0.2900000000

!!!!!!!! Propagation velocity = 282.758621 cm/s !!!!!!!!!!

=============================================================



[!] Propagation velocity! Id = 178
t1 = 11.1700000000
dvdt[173] = 1.4505646655

t2 = 11.4600000000
dvdt[178] = 1.4511060616
delta_x = 0.0820000000
delta_t = 0.2900000000

!!!!!!!! Propagation velocity = 282.758621 cm/s !!!!!!!!!!

=============================================================



[!] Propagation velocity! Id = 242
t1 = 14.9400000000
dvdt[237] = 0.8176493821

t2 = 17.7800000000
dvdt[242] = 1.7351002320
delta_x = 0.0820000000
delta_t = 2.8400000000

!!!!!!!! Propagation velocity = 28.873239 cm/s !!!!!!!!!!

=============================================================

