

[!] Propagation velocity! Id = 50
t1 = 3.9100000000
dvdt[40] = 1.4492640445

t2 = 4.6800000000
dvdt[50] = 1.4488632609
delta_x = 0.2000000000
delta_t = 0.7700000000

!!!!!!!! Propagation velocity = 259.740260 cm/s !!!!!!!!!!

=============================================================



[!] Propagation velocity! Id = 100
t1 = 7.7400000000
dvdt[90] = 1.4249632301

t2 = 8.8900000000
dvdt[100] = 1.0292718320
delta_x = 0.2000000000
delta_t = 1.1500000000

!!!!!!!! Propagation velocity = 173.913043 cm/s !!!!!!!!!!

=============================================================



[!] Propagation velocity! Id = 150
t1 = 11.8400000000
dvdt[140] = 1.4501632367

t2 = 12.6100000000
dvdt[150] = 1.4513370035
delta_x = 0.1999999301
delta_t = 0.7700000000

!!!!!!!! Propagation velocity = 259.740169 cm/s !!!!!!!!!!

=============================================================



[!] Propagation velocity! Id = 250
t1 = 11.8400000000
dvdt[240] = 1.4501632367

t2 = 12.6100000000
dvdt[250] = 1.4513370035
delta_x = 0.1999999301
delta_t = 0.7700000000

!!!!!!!! Propagation velocity = 259.740169 cm/s !!!!!!!!!!

=============================================================



[!] Propagation velocity! Id = 200
t1 = 15.7000000000
dvdt[190] = 1.4019787862

t2 = 17.5400000000
dvdt[200] = 1.8561061813
delta_x = 0.1999999301
delta_t = 1.8400000000

!!!!!!!! Propagation velocity = 108.695614 cm/s !!!!!!!!!!

=============================================================



[!] Propagation velocity! Id = 300
t1 = 15.7000000000
dvdt[290] = 1.4019787862

t2 = 17.5400000000
dvdt[300] = 1.8561061813
delta_x = 0.1999999301
delta_t = 1.8400000000

!!!!!!!! Propagation velocity = 108.695614 cm/s !!!!!!!!!!

=============================================================

