

[!] Propagation velocity! Id = 73
t1 = 2.3200000000
dvdt[63] = 0.0427880533

t2 = 2.4900000000
dvdt[73] = 0.0333082325
delta_x = 0.0680000000
delta_t = 0.1700000000

!!!!!!!! Propagation velocity = 400.000000 cm/s !!!!!!!!!!

=============================================================



[!] Propagation velocity! Id = 147
t1 = 4.3700000000
dvdt[137] = 0.0064254792

t2 = 5.0200000000
dvdt[147] = 0.0045124096
delta_x = 0.0680000000
delta_t = 0.6500000000

!!!!!!!! Propagation velocity = 104.615385 cm/s !!!!!!!!!!

=============================================================



[!] Propagation velocity! Id = 220
t1 = 8.0800000000
dvdt[210] = 0.0016140056

t2 = 8.5300000000
dvdt[220] = 0.0013844264
delta_x = 0.0680002360
delta_t = 0.4500000000

!!!!!!!! Propagation velocity = 151.111636 cm/s !!!!!!!!!!

=============================================================



[!] Propagation velocity! Id = 367
t1 = 8.0800000000
dvdt[357] = 0.0016140056

t2 = 8.5300000000
dvdt[367] = 0.0013844264
delta_x = 0.0680002360
delta_t = 0.4500000000

!!!!!!!! Propagation velocity = 151.111636 cm/s !!!!!!!!!!

=============================================================



[!] Propagation velocity! Id = 294
t1 = 11.6900000000
dvdt[284] = 0.0003439611

t2 = 15.5800000000
dvdt[294] = 0.0002509543
delta_x = 0.0680002360
delta_t = 3.8900000000

!!!!!!!! Propagation velocity = 17.480780 cm/s !!!!!!!!!!

=============================================================



[!] Propagation velocity! Id = 441
t1 = 11.6900000000
dvdt[431] = 0.0003439611

t2 = 15.5800000000
dvdt[441] = 0.0002509543
delta_x = 0.0680002360
delta_t = 3.8900000000

!!!!!!!! Propagation velocity = 17.480780 cm/s !!!!!!!!!!

=============================================================

