

[!] Propagation velocity! Id = 25
t1 = 2.8500000000
dvdt[15] = 3.6695630243

t2 = 3.0800000000
dvdt[25] = 3.5947858651
delta_x = 0.1000000000
delta_t = 0.2300000000

!!!!!!!! Propagation velocity = 434.782609 cm/s !!!!!!!!!!

=============================================================



[!] Propagation velocity! Id = 50
t1 = 3.4600000000
dvdt[40] = 3.3671261757

t2 = 3.8700000000
dvdt[50] = 2.0009475788
delta_x = 0.1000000000
delta_t = 0.4100000000

!!!!!!!! Propagation velocity = 243.902439 cm/s !!!!!!!!!!

=============================================================



[!] Propagation velocity! Id = 75
t1 = 4.2600000000
dvdt[65] = 3.4821476389

t2 = 4.5200000000
dvdt[75] = 3.4735983849
delta_x = 0.0999995320
delta_t = 0.2600000000

!!!!!!!! Propagation velocity = 384.613585 cm/s !!!!!!!!!!

=============================================================



[!] Propagation velocity! Id = 100
t1 = 4.9300000000
dvdt[90] = 2.8875963273

t2 = 3.9100000000
dvdt[100] = 2.3314545178
delta_x = 0.4099996402
delta_t = -1.0200000000

!!!!!!!! Propagation velocity = 0.000000 cm/s !!!!!!!!!!

=============================================================



[!] Propagation velocity! Id = 125
t1 = 4.2900000000
dvdt[115] = 3.4770175481

t2 = 4.5400000000
dvdt[125] = 3.4634845619
delta_x = 0.1000003981
delta_t = 0.2500000000

!!!!!!!! Propagation velocity = 400.001592 cm/s !!!!!!!!!!

=============================================================



[!] Propagation velocity! Id = 150
t1 = 4.9600000000
dvdt[140] = 2.6952505353

t2 = 10.6500000000
dvdt[150] = 3.9648324136
delta_x = 2.0799999720
delta_t = 5.6900000000

!!!!!!!! Propagation velocity = 365.553598 cm/s !!!!!!!!!!

=============================================================

