

[!] Propagation velocity! Id = 12
t1 = 1.2300000000
dvdt[2] = 1.7130459543

t2 = 1.8100000000
dvdt[12] = 1.4634253463
delta_x = 0.2000000000
delta_t = 0.5800000000

!!!!!!!! Propagation velocity = 344.827586 cm/s !!!!!!!!!!

=============================================================



[!] Propagation velocity! Id = 25
t1 = 2.0400000000
dvdt[15] = 1.4389185497

t2 = 3.2000000000
dvdt[25] = 1.0354023499
delta_x = 0.2000000000
delta_t = 1.1600000000

!!!!!!!! Propagation velocity = 172.413793 cm/s !!!!!!!!!!

=============================================================



[!] Propagation velocity! Id = 37
t1 = 3.3300000000
dvdt[27] = 1.2904843603

t2 = 4.0500000000
dvdt[37] = 1.4250082194
delta_x = 0.1999999301
delta_t = 0.7200000000

!!!!!!!! Propagation velocity = 277.777681 cm/s !!!!!!!!!!

=============================================================



[!] Propagation velocity! Id = 62
t1 = 3.3900000000
dvdt[52] = 1.3609851016

t2 = 4.1200000000
dvdt[62] = 1.4119642401
delta_x = 0.1999999301
delta_t = 0.7300000000

!!!!!!!! Propagation velocity = 273.972507 cm/s !!!!!!!!!!

=============================================================



[!] Propagation velocity! Id = 49
t1 = 4.2000000000
dvdt[39] = 1.3927715551

t2 = 6.9900000000
dvdt[49] = 1.7450187715
delta_x = 0.1999999301
delta_t = 2.7900000000

!!!!!!!! Propagation velocity = 71.684563 cm/s !!!!!!!!!!

=============================================================



[!] Propagation velocity! Id = 73
t1 = 4.2000000000
dvdt[63] = 1.3927715551

t2 = 6.9900000000
dvdt[73] = 1.7450187715
delta_x = 0.1999999301
delta_t = 2.7900000000

!!!!!!!! Propagation velocity = 71.684563 cm/s !!!!!!!!!!

=============================================================

