

[!] Propagation velocity! Id = 25
t1 = 2.6200000000
dvdt[15] = 1.3663283005

t2 = 2.9600000000
dvdt[25] = 1.4114638509
delta_x = 0.1000000000
delta_t = 0.3400000000

!!!!!!!! Propagation velocity = 294.117647 cm/s !!!!!!!!!!

=============================================================



[!] Propagation velocity! Id = 50
t1 = 3.5400000000
dvdt[40] = 1.2955126002

t2 = 4.3000000000
dvdt[50] = 1.0607203947
delta_x = 0.1000000000
delta_t = 0.7600000000

!!!!!!!! Propagation velocity = 131.578947 cm/s !!!!!!!!!!

=============================================================



[!] Propagation velocity! Id = 75
t1 = 4.8000000000
dvdt[65] = 1.4440479807

t2 = 5.1800000000
dvdt[75] = 1.4189547094
delta_x = 0.0999995320
delta_t = 0.3800000000

!!!!!!!! Propagation velocity = 263.156663 cm/s !!!!!!!!!!

=============================================================



[!] Propagation velocity! Id = 125
t1 = 4.8300000000
dvdt[115] = 1.4439933318

t2 = 5.2200000000
dvdt[125] = 1.4118239225
delta_x = 0.1000003981
delta_t = 0.3900000000

!!!!!!!! Propagation velocity = 256.411277 cm/s !!!!!!!!!!

=============================================================



[!] Propagation velocity! Id = 99
t1 = 5.7700000000
dvdt[89] = 0.9816310095

t2 = 6.2500000000
dvdt[99] = 0.0281978042
delta_x = 0.0999995320
delta_t = 0.4800000000

!!!!!!!! Propagation velocity = 208.332358 cm/s !!!!!!!!!!

=============================================================



[!] Propagation velocity! Id = 148
t1 = 5.7700000000
dvdt[138] = 0.9816310095

t2 = 6.2500000000
dvdt[148] = 0.0281978042
delta_x = 0.0999995320
delta_t = 0.4800000000

!!!!!!!! Propagation velocity = 208.332358 cm/s !!!!!!!!!!

=============================================================

