

[!] Propagation velocity! Id = 59
t1 = 5.7900000000
dvdt[54] = 1.4504918814

t2 = 6.2700000000
dvdt[59] = 1.4507677248
delta_x = 0.0820000000
delta_t = 0.4800000000

!!!!!!!! Propagation velocity = 170.833333 cm/s !!!!!!!!!!

=============================================================



[!] Propagation velocity! Id = 119
t1 = 11.4800000000
dvdt[114] = 1.4507867279

t2 = 11.9600000000
dvdt[119] = 1.4507765571
delta_x = 0.0820000000
delta_t = 0.4800000000

!!!!!!!! Propagation velocity = 170.833333 cm/s !!!!!!!!!!

=============================================================



[!] Propagation velocity! Id = 178
t1 = 17.0800000000
dvdt[173] = 1.4531372381

t2 = 17.5600000000
dvdt[178] = 1.4536162062
delta_x = 0.0820000000
delta_t = 0.4800000000

!!!!!!!! Propagation velocity = 170.833333 cm/s !!!!!!!!!!

=============================================================



[!] Propagation velocity! Id = 242
t1 = 23.2600000000
dvdt[237] = 1.1506375214

t2 = 54.8100000000
dvdt[242] = 0.3091082074
delta_x = 0.0820000000
delta_t = 31.5500000000

!!!!!!!! Propagation velocity = 2.599049 cm/s !!!!!!!!!!

=============================================================

