

[!] Propagation velocity! Id = 12
t1 = 1.1700000000
dvdt[2] = 3.8917426531

t2 = 1.5800000000
dvdt[12] = 3.6659795590
delta_x = 0.2000000000
delta_t = 0.4100000000

!!!!!!!! Propagation velocity = 487.804878 cm/s !!!!!!!!!!

=============================================================



[!] Propagation velocity! Id = 25
t1 = 1.7300000000
dvdt[15] = 3.6140524921

t2 = 2.2500000000
dvdt[25] = 3.5535107359
delta_x = 0.2000000000
delta_t = 0.5200000000

!!!!!!!! Propagation velocity = 384.615385 cm/s !!!!!!!!!!

=============================================================



[!] Propagation velocity! Id = 37
t1 = 2.3500000000
dvdt[27] = 3.5502192177

t2 = 2.8700000000
dvdt[37] = 3.5291925933
delta_x = 0.2000000000
delta_t = 0.5200000000

!!!!!!!! Propagation velocity = 384.615385 cm/s !!!!!!!!!!

=============================================================



[!] Propagation velocity! Id = 50
t1 = 3.0300000000
dvdt[40] = 3.5042346645

t2 = 3.4700000000
dvdt[50] = 0.0442249268
delta_x = 0.2000000000
delta_t = 0.4400000000

!!!!!!!! Propagation velocity = 454.545455 cm/s !!!!!!!!!!

=============================================================

