

[!] Propagation velocity! Id = 100
t1 = 5.2200000000
dvdt[90] = 1.4455216506

t2 = 5.6000000000
dvdt[100] = 1.4458603968
delta_x = 0.1000000000
delta_t = 0.3800000000

!!!!!!!! Propagation velocity = 263.157895 cm/s !!!!!!!!!!

=============================================================



[!] Propagation velocity! Id = 200
t1 = 9.0300000000
dvdt[190] = 1.4468709890

t2 = 9.4200000000
dvdt[200] = 1.4471985110
delta_x = 0.1000000000
delta_t = 0.3900000000

!!!!!!!! Propagation velocity = 256.410256 cm/s !!!!!!!!!!

=============================================================



[!] Propagation velocity! Id = 300
t1 = 12.8600000000
dvdt[290] = 1.4506852856

t2 = 13.2400000000
dvdt[300] = 1.4510325335
delta_x = 0.1000000000
delta_t = 0.3800000000

!!!!!!!! Propagation velocity = 263.157895 cm/s !!!!!!!!!!

=============================================================



[!] Propagation velocity! Id = 400
t1 = 16.7700000000
dvdt[390] = 0.9928593496

t2 = 31.0700000000
dvdt[400] = 0.8605194639
delta_x = 0.1000000000
delta_t = 14.3000000000

!!!!!!!! Propagation velocity = 6.993007 cm/s !!!!!!!!!!

=============================================================

