

[!] Propagation velocity! Id = 36
t1 = 0.5600000000
dvdt[26] = 0.0679866269

t2 = 1.0500000000
dvdt[36] = 0.0479279340
delta_x = 0.0680000000
delta_t = 0.4900000000

!!!!!!!! Propagation velocity = 138.775510 cm/s !!!!!!!!!!

=============================================================



[!] Propagation velocity! Id = 73
t1 = 3.1600000000
dvdt[63] = 0.0257886086

t2 = 3.2600000000
dvdt[73] = 0.0208837838
delta_x = 0.0680000000
delta_t = 0.1000000000

!!!!!!!! Propagation velocity = 680.000000 cm/s !!!!!!!!!!

=============================================================



[!] Propagation velocity! Id = 109
t1 = 3.6300000000
dvdt[99] = 0.0107863118

t2 = 3.8000000000
dvdt[109] = 0.0078115088
delta_x = 0.0680000000
delta_t = 0.1700000000

!!!!!!!! Propagation velocity = 400.000000 cm/s !!!!!!!!!!

=============================================================



[!] Propagation velocity! Id = 146
t1 = 4.3100000000
dvdt[136] = 0.0011696292

t2 = 187.7700000000
dvdt[146] = 0.0000353452
delta_x = 0.0680000000
delta_t = 183.4600000000

!!!!!!!! Propagation velocity = 0.370653 cm/s !!!!!!!!!!

=============================================================

