

[!] Propagation velocity!
t1 = 502.9000000000
dvdt[29] = 14.8036798060

t2 = 506.0000000000
dvdt[129] = 16.5099363735
delta_x = 0.6667000000
delta_t = 3.1000000000

!!!!!!!! Propagation velocity = 215.064516 cm/s !!!!!!!!!!
