

[!] Propagation velocity! Id = 258
t1 = 504.4000000000
dvdt[58] = 15.1793595673

t2 = 510.0000000000
dvdt[258] = 15.8706281814
delta_x = 1.3334000000
delta_t = 5.6000000000

!!!!!!!! Propagation velocity = 238.107143 cm/s !!!!!!!!!!

=============================================================

