

[!] Propagation velocity!
t1 = 503.0000000000
dvdt[29] = 15.0718953121

t2 = 509.4000000000
dvdt[129] = 13.8607324719
delta_x = 0.6667000000
delta_t = 6.4000000000

!!!!!!!! Propagation velocity = 104.171875 cm/s !!!!!!!!!!
