

[!] Propagation velocity! Id = 14
t1 = 1.4700000000
dvdt[4] = 3.8245612479

t2 = 1.8300000000
dvdt[14] = 3.6358988765
delta_x = 0.1640000000
delta_t = 0.3600000000

!!!!!!!! Propagation velocity = 455.555556 cm/s !!!!!!!!!!

=============================================================



[!] Propagation velocity! Id = 29
t1 = 2.0400000000
dvdt[19] = 3.5760963030

t2 = 2.4600000000
dvdt[29] = 3.5220805099
delta_x = 0.1640000000
delta_t = 0.4200000000

!!!!!!!! Propagation velocity = 390.476190 cm/s !!!!!!!!!!

=============================================================



[!] Propagation velocity! Id = 43
t1 = 2.6300000000
dvdt[33] = 3.5124307222

t2 = 3.0600000000
dvdt[43] = 3.4938658075
delta_x = 0.1640000000
delta_t = 0.4300000000

!!!!!!!! Propagation velocity = 381.395349 cm/s !!!!!!!!!!

=============================================================



[!] Propagation velocity! Id = 58
t1 = 3.2800000000
dvdt[48] = 3.4570725454

t2 = 5.3700000000
dvdt[58] = 2.7343218517
delta_x = 0.1640000000
delta_t = 2.0900000000

!!!!!!!! Propagation velocity = 78.468900 cm/s !!!!!!!!!!

=============================================================

