

[!] Propagation velocity! Id = 73
t1 = 2.3200000000
dvdt[63] = 0.0424189190

t2 = 2.4900000000
dvdt[73] = 0.0330138730
delta_x = 0.0680000000
delta_t = 0.1700000000

!!!!!!!! Propagation velocity = 400.000000 cm/s !!!!!!!!!!

=============================================================



[!] Propagation velocity! Id = 147
t1 = 4.5500000000
dvdt[137] = 0.0079264191

t2 = 4.9900000000
dvdt[147] = 0.0065641936
delta_x = 0.0680000000
delta_t = 0.4400000000

!!!!!!!! Propagation velocity = 154.545455 cm/s !!!!!!!!!!

=============================================================



[!] Propagation velocity! Id = 220
t1 = 8.0400000000
dvdt[210] = 0.0022984284

t2 = 8.4900000000
dvdt[220] = 0.0019595581
delta_x = 0.0680000000
delta_t = 0.4500000000

!!!!!!!! Propagation velocity = 151.111111 cm/s !!!!!!!!!!

=============================================================



[!] Propagation velocity! Id = 294
t1 = 10.4500000000
dvdt[284] = 0.0003636211

t2 = 15.3800000000
dvdt[294] = 0.0001688692
delta_x = 0.0680000000
delta_t = 4.9300000000

!!!!!!!! Propagation velocity = 13.793103 cm/s !!!!!!!!!!

=============================================================

