

[!] Propagation velocity! Id = 59
t1 = 3.6800000000
dvdt[54] = 3.4979217307

t2 = 3.9200000000
dvdt[59] = 3.4971731829
delta_x = 0.0820000000
delta_t = 0.2400000000

!!!!!!!! Propagation velocity = 341.666667 cm/s !!!!!!!!!!

=============================================================



[!] Propagation velocity! Id = 119
t1 = 6.6500000000
dvdt[114] = 3.4957071980

t2 = 6.8900000000
dvdt[119] = 3.4941861715
delta_x = 0.0820000000
delta_t = 0.2400000000

!!!!!!!! Propagation velocity = 341.666667 cm/s !!!!!!!!!!

=============================================================



[!] Propagation velocity! Id = 178
t1 = 9.5700000000
dvdt[173] = 3.4976664620

t2 = 9.8200000000
dvdt[178] = 3.4974154035
delta_x = 0.0820000000
delta_t = 0.2500000000

!!!!!!!! Propagation velocity = 328.000000 cm/s !!!!!!!!!!

=============================================================



[!] Propagation velocity! Id = 242
t1 = 12.7600000000
dvdt[237] = 2.9295074832

t2 = 20.4900000000
dvdt[242] = 3.7037449589
delta_x = 0.0820000000
delta_t = 7.7300000000

!!!!!!!! Propagation velocity = 10.608021 cm/s !!!!!!!!!!

=============================================================

