

[!] Propagation velocity! Id = 50
t1 = 3.4400000000
dvdt[45] = 3.5169930376

t2 = 3.7300000000
dvdt[50] = 3.5097560963
delta_x = 0.0820000000
delta_t = 0.2900000000

!!!!!!!! Propagation velocity = 282.758621 cm/s !!!!!!!!!!

=============================================================



[!] Propagation velocity! Id = 90
t1 = 5.9200000000
dvdt[85] = 3.5066373652

t2 = 6.2100000000
dvdt[90] = 3.5053221333
delta_x = 0.0819999280
delta_t = 0.2900000000

!!!!!!!! Propagation velocity = 282.758373 cm/s !!!!!!!!!!

=============================================================



[!] Propagation velocity! Id = 150
t1 = 5.9200000000
dvdt[145] = 3.5066373652

t2 = 6.2100000000
dvdt[150] = 3.5053221333
delta_x = 0.0819999280
delta_t = 0.2900000000

!!!!!!!! Propagation velocity = 282.758373 cm/s !!!!!!!!!!

=============================================================



[!] Propagation velocity! Id = 120
t1 = 7.6800000000
dvdt[115] = 3.1437653491

t2 = 17.7300000000
dvdt[120] = 3.4293480457
delta_x = 0.0819999280
delta_t = 10.0500000000

!!!!!!!! Propagation velocity = 8.159197 cm/s !!!!!!!!!!

=============================================================



[!] Propagation velocity! Id = 180
t1 = 7.6800000000
dvdt[175] = 3.1437653491

t2 = 17.7300000000
dvdt[180] = 3.4293480459
delta_x = 0.0819999280
delta_t = 10.0500000000

!!!!!!!! Propagation velocity = 8.159197 cm/s !!!!!!!!!!

=============================================================

