

[!] Propagation velocity! Id = 148
t1 = 9.6800000000
dvdt[138] = 1.4468937665

t2 = 10.3100000000
dvdt[148] = 1.4472206036
delta_x = 0.1640000000
delta_t = 0.6300000000

!!!!!!!! Propagation velocity = 260.317460 cm/s !!!!!!!!!!

=============================================================



[!] Propagation velocity! Id = 297
t1 = 19.0100000000
dvdt[287] = 1.4472804201

t2 = 19.6400000000
dvdt[297] = 1.4471351776
delta_x = 0.1640000000
delta_t = 0.6300000000

!!!!!!!! Propagation velocity = 260.317460 cm/s !!!!!!!!!!

=============================================================



[!] Propagation velocity! Id = 445
t1 = 28.2800000000
dvdt[435] = 1.4475743863

t2 = 28.9000000000
dvdt[445] = 1.4477882200
delta_x = 0.1640000000
delta_t = 0.6200000000

!!!!!!!! Propagation velocity = 264.516129 cm/s !!!!!!!!!!

=============================================================



[!] Propagation velocity! Id = 608
t1 = 38.5400000000
dvdt[598] = 1.3435922365

t2 = 40.4400000000
dvdt[608] = 1.8490173044
delta_x = 0.1640000000
delta_t = 1.9000000000

!!!!!!!! Propagation velocity = 86.315789 cm/s !!!!!!!!!!

=============================================================

