

[!] Propagation velocity! Id = 12
t1 = 1.2300000000
dvdt[2] = 1.7144743548

t2 = 1.8100000000
dvdt[12] = 1.4646979988
delta_x = 0.2000000000
delta_t = 0.5800000000

!!!!!!!! Propagation velocity = 344.827586 cm/s !!!!!!!!!!

=============================================================



[!] Propagation velocity! Id = 25
t1 = 2.0400000000
dvdt[15] = 1.4398352931

t2 = 3.2100000000
dvdt[25] = 1.0361369925
delta_x = 0.2000000000
delta_t = 1.1700000000

!!!!!!!! Propagation velocity = 170.940171 cm/s !!!!!!!!!!

=============================================================



[!] Propagation velocity! Id = 37
t1 = 3.3400000000
dvdt[27] = 1.2920543611

t2 = 4.0500000000
dvdt[37] = 1.4240903332
delta_x = 0.1999999301
delta_t = 0.7100000000

!!!!!!!! Propagation velocity = 281.690042 cm/s !!!!!!!!!!

=============================================================



[!] Propagation velocity! Id = 62
t1 = 3.4000000000
dvdt[52] = 1.3627361593

t2 = 4.1300000000
dvdt[62] = 1.4100316366
delta_x = 0.1999999301
delta_t = 0.7300000000

!!!!!!!! Propagation velocity = 273.972507 cm/s !!!!!!!!!!

=============================================================



[!] Propagation velocity! Id = 49
t1 = 4.2100000000
dvdt[39] = 1.3893052533

t2 = 8.8600000000
dvdt[49] = 1.5386783668
delta_x = 0.1999999301
delta_t = 4.6500000000

!!!!!!!! Propagation velocity = 43.010738 cm/s !!!!!!!!!!

=============================================================



[!] Propagation velocity! Id = 73
t1 = 4.2100000000
dvdt[63] = 1.3893052533

t2 = 8.8600000000
dvdt[73] = 1.5386783668
delta_x = 0.1999999301
delta_t = 4.6500000000

!!!!!!!! Propagation velocity = 43.010738 cm/s !!!!!!!!!!

=============================================================

