

[!] Propagation velocity! Id = 59
t1 = 3.9900000000
dvdt[54] = 3.5039934412

t2 = 4.2900000000
dvdt[59] = 3.5113942092
delta_x = 0.0820000000
delta_t = 0.3000000000

!!!!!!!! Propagation velocity = 273.333333 cm/s !!!!!!!!!!

=============================================================



[!] Propagation velocity! Id = 119
t1 = 7.5100000000
dvdt[114] = 3.5083570880

t2 = 7.8100000000
dvdt[119] = 3.5030271490
delta_x = 0.0820000000
delta_t = 0.3000000000

!!!!!!!! Propagation velocity = 273.333333 cm/s !!!!!!!!!!

=============================================================



[!] Propagation velocity! Id = 232
t1 = 14.1500000000
dvdt[227] = 3.5074073658

t2 = 14.4400000000
dvdt[232] = 3.5216604195
delta_x = 0.0820000000
delta_t = 0.2900000000

!!!!!!!! Propagation velocity = 282.758621 cm/s !!!!!!!!!!

=============================================================



[!] Propagation velocity! Id = 242
t1 = 14.7300000000
dvdt[237] = 3.7736801677

t2 = 14.9000000000
dvdt[242] = 6.5083146313
delta_x = 0.0820000000
delta_t = 0.1700000000

!!!!!!!! Propagation velocity = 482.352941 cm/s !!!!!!!!!!

=============================================================

