

[!] Propagation velocity! Id = 36
t1 = 2.0100000000
dvdt[26] = 0.0977646154

t2 = 2.0500000000
dvdt[36] = 0.0786584052
delta_x = 0.0680000000
delta_t = 0.0400000000

!!!!!!!! Propagation velocity = 1700.000000 cm/s !!!!!!!!!!

=============================================================



[!] Propagation velocity! Id = 73
t1 = 2.3000000000
dvdt[63] = 0.0410393679

t2 = 2.4600000000
dvdt[73] = 0.0318578535
delta_x = 0.0680000000
delta_t = 0.1600000000

!!!!!!!! Propagation velocity = 425.000000 cm/s !!!!!!!!!!

=============================================================



[!] Propagation velocity! Id = 109
t1 = 3.0300000000
dvdt[99] = 0.0164269309

t2 = 3.2500000000
dvdt[109] = 0.0124648952
delta_x = 0.0680000000
delta_t = 0.2200000000

!!!!!!!! Propagation velocity = 309.090909 cm/s !!!!!!!!!!

=============================================================



[!] Propagation velocity! Id = 146
t1 = 3.7000000000
dvdt[136] = 0.0035818327

t2 = 6.3800000000
dvdt[146] = 0.0008488096
delta_x = 0.0680000000
delta_t = 2.6800000000

!!!!!!!! Propagation velocity = 25.373134 cm/s !!!!!!!!!!

=============================================================

