

[!] Propagation velocity! Id = 100
t1 = 5.1200000000
dvdt[90] = 1.4302742556

t2 = 5.5000000000
dvdt[100] = 1.4304556515
delta_x = 0.1000000000
delta_t = 0.3800000000

!!!!!!!! Propagation velocity = 263.157895 cm/s !!!!!!!!!!

=============================================================



[!] Propagation velocity! Id = 200
t1 = 8.9000000000
dvdt[190] = 1.4274243101

t2 = 9.2800000000
dvdt[200] = 1.4270002789
delta_x = 0.1000000000
delta_t = 0.3800000000

!!!!!!!! Propagation velocity = 263.157895 cm/s !!!!!!!!!!

=============================================================



[!] Propagation velocity! Id = 300
t1 = 12.6800000000
dvdt[290] = 1.4272303913

t2 = 13.0600000000
dvdt[300] = 1.4280295807
delta_x = 0.1000000000
delta_t = 0.3800000000

!!!!!!!! Propagation velocity = 263.157895 cm/s !!!!!!!!!!

=============================================================



[!] Propagation velocity! Id = 400
t1 = 16.5300000000
dvdt[390] = 0.9709837237

t2 = 17.0200000000
dvdt[400] = 0.0140591118
delta_x = 0.1000000000
delta_t = 0.4900000000

!!!!!!!! Propagation velocity = 204.081633 cm/s !!!!!!!!!!

=============================================================

