

[!] Propagation velocity! Id = 25
t1 = 1.7400000000
dvdt[15] = 3.5994706593

t2 = 2.4700000000
dvdt[25] = 3.5570346859
delta_x = 0.2000000000
delta_t = 0.7300000000

!!!!!!!! Propagation velocity = 273.972603 cm/s !!!!!!!!!!

=============================================================



[!] Propagation velocity! Id = 50
t1 = 3.5900000000
dvdt[40] = 3.5539482060

t2 = 4.3300000000
dvdt[50] = 3.5577210596
delta_x = 0.2000000000
delta_t = 0.7400000000

!!!!!!!! Propagation velocity = 270.270270 cm/s !!!!!!!!!!

=============================================================



[!] Propagation velocity! Id = 75
t1 = 5.4400000000
dvdt[65] = 3.5538338838

t2 = 6.1900000000
dvdt[75] = 3.5478122815
delta_x = 0.2000000000
delta_t = 0.7500000000

!!!!!!!! Propagation velocity = 266.666667 cm/s !!!!!!!!!!

=============================================================



[!] Propagation velocity! Id = 100
t1 = 7.3000000000
dvdt[90] = 3.5519630454

t2 = 8.1100000000
dvdt[100] = 0.0904809884
delta_x = 0.2000000000
delta_t = 0.8100000000

!!!!!!!! Propagation velocity = 246.913580 cm/s !!!!!!!!!!

=============================================================

