

[!] Propagation velocity! Id = 50
t1 = 3.1500000000
dvdt[45] = 3.5238977659

t2 = 3.4000000000
dvdt[50] = 3.5270162245
delta_x = 0.0820000000
delta_t = 0.2500000000

!!!!!!!! Propagation velocity = 328.000000 cm/s !!!!!!!!!!

=============================================================



[!] Propagation velocity! Id = 90
t1 = 5.2500000000
dvdt[85] = 3.5353409167

t2 = 5.5400000000
dvdt[90] = 3.5319555325
delta_x = 0.0819999280
delta_t = 0.2900000000

!!!!!!!! Propagation velocity = 282.758373 cm/s !!!!!!!!!!

=============================================================



[!] Propagation velocity! Id = 150
t1 = 5.2500000000
dvdt[145] = 3.5353409167

t2 = 5.5400000000
dvdt[150] = 3.5319555325
delta_x = 0.0819999280
delta_t = 0.2900000000

!!!!!!!! Propagation velocity = 282.758373 cm/s !!!!!!!!!!

=============================================================



[!] Propagation velocity! Id = 120
t1 = 7.0100000000
dvdt[115] = 3.1958356382

t2 = 7.3800000000
dvdt[120] = 0.0761557352
delta_x = 0.0819999280
delta_t = 0.3700000000

!!!!!!!! Propagation velocity = 221.621427 cm/s !!!!!!!!!!

=============================================================



[!] Propagation velocity! Id = 180
t1 = 7.0100000000
dvdt[175] = 3.1958356382

t2 = 7.3800000000
dvdt[180] = 0.0761557352
delta_x = 0.0819999280
delta_t = 0.3700000000

!!!!!!!! Propagation velocity = 221.621427 cm/s !!!!!!!!!!

=============================================================

