

[!] Propagation velocity! Id = 29
t1 = 2.2500000000
dvdt[19] = 1.4469540221

t2 = 2.8700000000
dvdt[29] = 1.4490746487
delta_x = 0.1640000000
delta_t = 0.6200000000

!!!!!!!! Propagation velocity = 264.516129 cm/s !!!!!!!!!!

=============================================================



[!] Propagation velocity! Id = 59
t1 = 4.1300000000
dvdt[49] = 1.4506993110

t2 = 4.7600000000
dvdt[59] = 1.4513535825
delta_x = 0.1640000000
delta_t = 0.6300000000

!!!!!!!! Propagation velocity = 260.317460 cm/s !!!!!!!!!!

=============================================================



[!] Propagation velocity! Id = 88
t1 = 5.9500000000
dvdt[78] = 1.4538048162

t2 = 6.5800000000
dvdt[88] = 1.4550655575
delta_x = 0.1640000000
delta_t = 0.6300000000

!!!!!!!! Propagation velocity = 260.317460 cm/s !!!!!!!!!!

=============================================================



[!] Propagation velocity! Id = 118
t1 = 7.8600000000
dvdt[108] = 1.3888453922

t2 = 11.0900000000
dvdt[118] = 1.1732406590
delta_x = 0.1640000000
delta_t = 3.2300000000

!!!!!!!! Propagation velocity = 50.773994 cm/s !!!!!!!!!!

=============================================================

