

[!] Propagation velocity! Id = 25
t1 = 2.0400000000
dvdt[15] = 3.6469775728

t2 = 2.3900000000
dvdt[25] = 3.5520552156
delta_x = 0.1000000000
delta_t = 0.3500000000

!!!!!!!! Propagation velocity = 285.714286 cm/s !!!!!!!!!!

=============================================================



[!] Propagation velocity! Id = 50
t1 = 2.9400000000
dvdt[40] = 3.5074032720

t2 = 3.3100000000
dvdt[50] = 3.4950163754
delta_x = 0.1000000000
delta_t = 0.3700000000

!!!!!!!! Propagation velocity = 270.270270 cm/s !!!!!!!!!!

=============================================================



[!] Propagation velocity! Id = 75
t1 = 3.8700000000
dvdt[65] = 3.4830132923

t2 = 4.2400000000
dvdt[75] = 3.4840040232
delta_x = 0.1000000000
delta_t = 0.3700000000

!!!!!!!! Propagation velocity = 270.270270 cm/s !!!!!!!!!!

=============================================================



[!] Propagation velocity! Id = 100
t1 = 4.8000000000
dvdt[90] = 3.3321184047

t2 = 9.1400000000
dvdt[100] = 4.2101449020
delta_x = 0.1000000000
delta_t = 4.3400000000

!!!!!!!! Propagation velocity = 23.041475 cm/s !!!!!!!!!!

=============================================================

