

[!] Propagation velocity! Id = 100
t1 = 5.2400000000
dvdt[90] = 1.4479922135

t2 = 5.6300000000
dvdt[100] = 1.4482397173
delta_x = 0.1000000000
delta_t = 0.3900000000

!!!!!!!! Propagation velocity = 256.410256 cm/s !!!!!!!!!!

=============================================================



[!] Propagation velocity! Id = 200
t1 = 9.0700000000
dvdt[190] = 1.4511987912

t2 = 9.4500000000
dvdt[200] = 1.4513853238
delta_x = 0.1000000000
delta_t = 0.3800000000

!!!!!!!! Propagation velocity = 263.157895 cm/s !!!!!!!!!!

=============================================================



[!] Propagation velocity! Id = 300
t1 = 12.9100000000
dvdt[290] = 1.4557738316

t2 = 13.3000000000
dvdt[300] = 1.4567760096
delta_x = 0.1000000000
delta_t = 0.3900000000

!!!!!!!! Propagation velocity = 256.410256 cm/s !!!!!!!!!!

=============================================================



[!] Propagation velocity! Id = 400
t1 = 16.8500000000
dvdt[390] = 0.9840953370

t2 = 17.3300000000
dvdt[400] = 0.0282324780
delta_x = 0.1000000000
delta_t = 0.4800000000

!!!!!!!! Propagation velocity = 208.333333 cm/s !!!!!!!!!!

=============================================================

