

[!] Propagation velocity! Id = 29
t1 = 2.2500000000
dvdt[19] = 1.4474769038

t2 = 2.8800000000
dvdt[29] = 1.4498048168
delta_x = 0.1640000000
delta_t = 0.6300000000

!!!!!!!! Propagation velocity = 260.317460 cm/s !!!!!!!!!!

=============================================================



[!] Propagation velocity! Id = 59
t1 = 4.1300000000
dvdt[49] = 1.4516872001

t2 = 4.7600000000
dvdt[59] = 1.4526117100
delta_x = 0.1640000000
delta_t = 0.6300000000

!!!!!!!! Propagation velocity = 260.317460 cm/s !!!!!!!!!!

=============================================================



[!] Propagation velocity! Id = 88
t1 = 5.9600000000
dvdt[78] = 1.4549730550

t2 = 6.5900000000
dvdt[88] = 1.4565833355
delta_x = 0.1640000000
delta_t = 0.6300000000

!!!!!!!! Propagation velocity = 260.317460 cm/s !!!!!!!!!!

=============================================================



[!] Propagation velocity! Id = 118
t1 = 7.8700000000
dvdt[108] = 1.3838430353

t2 = 14.2500000000
dvdt[118] = 1.1181605220
delta_x = 0.1640000000
delta_t = 6.3800000000

!!!!!!!! Propagation velocity = 25.705329 cm/s !!!!!!!!!!

=============================================================

