

[!] Propagation velocity! Id = 59
t1 = 3.6500000000
dvdt[54] = 3.4984518429

t2 = 3.8900000000
dvdt[59] = 3.4995724326
delta_x = 0.0820000000
delta_t = 0.2400000000

!!!!!!!! Propagation velocity = 341.666667 cm/s !!!!!!!!!!

=============================================================



[!] Propagation velocity! Id = 119
t1 = 6.5500000000
dvdt[114] = 3.4905594347

t2 = 6.8000000000
dvdt[119] = 3.4923675325
delta_x = 0.0820000000
delta_t = 0.2500000000

!!!!!!!! Propagation velocity = 328.000000 cm/s !!!!!!!!!!

=============================================================



[!] Propagation velocity! Id = 178
t1 = 9.4200000000
dvdt[173] = 3.4892713910

t2 = 9.6600000000
dvdt[178] = 3.4943554887
delta_x = 0.0820000000
delta_t = 0.2400000000

!!!!!!!! Propagation velocity = 341.666667 cm/s !!!!!!!!!!

=============================================================



[!] Propagation velocity! Id = 242
t1 = 12.5400000000
dvdt[237] = 2.9230797413

t2 = 15.3900000000
dvdt[242] = 4.4322907191
delta_x = 0.0820000000
delta_t = 2.8500000000

!!!!!!!! Propagation velocity = 28.771930 cm/s !!!!!!!!!!

=============================================================

