

[!] Propagation velocity! Id = 30
t1 = 2.6500000000
dvdt[25] = 1.4427889936

t2 = 2.9900000000
dvdt[30] = 1.4277325802
delta_x = 0.0820000000
delta_t = 0.3400000000

!!!!!!!! Propagation velocity = 241.176471 cm/s !!!!!!!!!!

=============================================================



[!] Propagation velocity! Id = 60
t1 = 4.8200000000
dvdt[55] = 1.4464970166

t2 = 5.1700000000
dvdt[60] = 1.4462635544
delta_x = 0.0819999280
delta_t = 0.3500000000

!!!!!!!! Propagation velocity = 234.285509 cm/s !!!!!!!!!!

=============================================================



[!] Propagation velocity! Id = 180
t1 = 4.8200000000
dvdt[175] = 1.4464970166

t2 = 5.1700000000
dvdt[180] = 1.4462635544
delta_x = 0.0819999280
delta_t = 0.3500000000

!!!!!!!! Propagation velocity = 234.285509 cm/s !!!!!!!!!!

=============================================================



[!] Propagation velocity! Id = 100
t1 = 7.8100000000
dvdt[95] = 1.4466181021

t2 = 8.1800000000
dvdt[100] = 1.4486998174
delta_x = 0.0820000000
delta_t = 0.3700000000

!!!!!!!! Propagation velocity = 221.621622 cm/s !!!!!!!!!!

=============================================================



[!] Propagation velocity! Id = 140
t1 = 7.8100000000
dvdt[135] = 1.4466181021

t2 = 8.1800000000
dvdt[140] = 1.4486998174
delta_x = 0.0819999280
delta_t = 0.3700000000

!!!!!!!! Propagation velocity = 221.621427 cm/s !!!!!!!!!!

=============================================================



[!] Propagation velocity! Id = 220
t1 = 7.8100000000
dvdt[215] = 1.4466181021

t2 = 8.1800000000
dvdt[220] = 1.4486998174
delta_x = 0.0819999280
delta_t = 0.3700000000

!!!!!!!! Propagation velocity = 221.621427 cm/s !!!!!!!!!!

=============================================================



[!] Propagation velocity! Id = 260
t1 = 7.8100000000
dvdt[255] = 1.4466181021

t2 = 8.1800000000
dvdt[260] = 1.4486998174
delta_x = 0.0820000000
delta_t = 0.3700000000

!!!!!!!! Propagation velocity = 221.621622 cm/s !!!!!!!!!!

=============================================================



[!] Propagation velocity! Id = 120
t1 = 9.2300000000
dvdt[115] = 1.8353866881

t2 = 9.3600000000
dvdt[120] = 2.4525877864
delta_x = 0.0820000000
delta_t = 0.1300000000

!!!!!!!! Propagation velocity = 630.769231 cm/s !!!!!!!!!!

=============================================================



[!] Propagation velocity! Id = 160
t1 = 9.2300000000
dvdt[155] = 1.8353866881

t2 = 9.3600000000
dvdt[160] = 2.4525877864
delta_x = 0.0819999280
delta_t = 0.1300000000

!!!!!!!! Propagation velocity = 630.768677 cm/s !!!!!!!!!!

=============================================================



[!] Propagation velocity! Id = 240
t1 = 9.2300000000
dvdt[235] = 1.8353866881

t2 = 9.3600000000
dvdt[240] = 2.4525877864
delta_x = 0.0819999280
delta_t = 0.1300000000

!!!!!!!! Propagation velocity = 630.768677 cm/s !!!!!!!!!!

=============================================================



[!] Propagation velocity! Id = 280
t1 = 9.2300000000
dvdt[275] = 1.8353866881

t2 = 9.3600000000
dvdt[280] = 2.4525877864
delta_x = 0.0820000000
delta_t = 0.1300000000

!!!!!!!! Propagation velocity = 630.769231 cm/s !!!!!!!!!!

=============================================================

