

[!] Propagation velocity! Id = 59
t1 = 4.8500000000
dvdt[54] = 1.4486284264

t2 = 5.2200000000
dvdt[59] = 1.4486524033
delta_x = 0.0820000000
delta_t = 0.3700000000

!!!!!!!! Propagation velocity = 221.621622 cm/s !!!!!!!!!!

=============================================================



[!] Propagation velocity! Id = 119
t1 = 9.2500000000
dvdt[114] = 1.4485513825

t2 = 9.6200000000
dvdt[119] = 1.4488013621
delta_x = 0.0820000000
delta_t = 0.3700000000

!!!!!!!! Propagation velocity = 221.621622 cm/s !!!!!!!!!!

=============================================================



[!] Propagation velocity! Id = 178
t1 = 13.5900000000
dvdt[173] = 1.4512161429

t2 = 13.9600000000
dvdt[178] = 1.4515515813
delta_x = 0.0820000000
delta_t = 0.3700000000

!!!!!!!! Propagation velocity = 221.621622 cm/s !!!!!!!!!!

=============================================================



[!] Propagation velocity! Id = 242
t1 = 18.3800000000
dvdt[237] = 0.9621820081

t2 = 25.5300000000
dvdt[242] = 1.2971991424
delta_x = 0.0820000000
delta_t = 7.1500000000

!!!!!!!! Propagation velocity = 11.468531 cm/s !!!!!!!!!!

=============================================================

