

[!] Propagation velocity! Id = 59
t1 = 3.7900000000
dvdt[49] = 3.5188378807

t2 = 4.4000000000
dvdt[59] = 3.5126301973
delta_x = 0.1640000000
delta_t = 0.6100000000

!!!!!!!! Propagation velocity = 268.852459 cm/s !!!!!!!!!!

=============================================================



[!] Propagation velocity! Id = 119
t1 = 7.4700000000
dvdt[109] = 3.5155527989

t2 = 8.0800000000
dvdt[119] = 3.5172107893
delta_x = 0.1640000000
delta_t = 0.6100000000

!!!!!!!! Propagation velocity = 268.852459 cm/s !!!!!!!!!!

=============================================================



[!] Propagation velocity! Id = 178
t1 = 11.0900000000
dvdt[168] = 3.5079289712

t2 = 11.7000000000
dvdt[178] = 3.5160435427
delta_x = 0.1640000000
delta_t = 0.6100000000

!!!!!!!! Propagation velocity = 268.852459 cm/s !!!!!!!!!!

=============================================================



[!] Propagation velocity! Id = 242
t1 = 15.0100000000
dvdt[232] = 3.4973981302

t2 = 23.6200000000
dvdt[242] = 3.6438732281
delta_x = 0.1640000000
delta_t = 8.6100000000

!!!!!!!! Propagation velocity = 19.047619 cm/s !!!!!!!!!!

=============================================================

