

[!] Propagation velocity! Id = 25
t1 = 2.3800000000
dvdt[15] = 3.6793726840

t2 = 2.6000000000
dvdt[25] = 3.6318147708
delta_x = 0.1000000000
delta_t = 0.2200000000

!!!!!!!! Propagation velocity = 454.545455 cm/s !!!!!!!!!!

=============================================================



[!] Propagation velocity! Id = 50
t1 = 2.9500000000
dvdt[40] = 3.5765226864

t2 = 3.2000000000
dvdt[50] = 3.5555686233
delta_x = 0.1000000000
delta_t = 0.2500000000

!!!!!!!! Propagation velocity = 400.000000 cm/s !!!!!!!!!!

=============================================================



[!] Propagation velocity! Id = 75
t1 = 3.5700000000
dvdt[65] = 3.5408729789

t2 = 3.8200000000
dvdt[75] = 3.5264383886
delta_x = 0.1000000000
delta_t = 0.2500000000

!!!!!!!! Propagation velocity = 400.000000 cm/s !!!!!!!!!!

=============================================================



[!] Propagation velocity! Id = 100
t1 = 4.2100000000
dvdt[90] = 3.1028440500

t2 = 4.4200000000
dvdt[100] = 0.1271014981
delta_x = 0.1000000000
delta_t = 0.2100000000

!!!!!!!! Propagation velocity = 476.190476 cm/s !!!!!!!!!!

=============================================================

