

[!] Propagation velocity! Id = 50
t1 = 3.6300000000
dvdt[40] = 3.5437840822

t2 = 4.3800000000
dvdt[50] = 3.5436619371
delta_x = 0.2000000000
delta_t = 0.7500000000

!!!!!!!! Propagation velocity = 266.666667 cm/s !!!!!!!!!!

=============================================================



[!] Propagation velocity! Id = 100
t1 = 7.3800000000
dvdt[90] = 3.5438876776

t2 = 8.1300000000
dvdt[100] = 3.5428484715
delta_x = 0.2000000000
delta_t = 0.7500000000

!!!!!!!! Propagation velocity = 266.666667 cm/s !!!!!!!!!!

=============================================================



[!] Propagation velocity! Id = 150
t1 = 11.1200000000
dvdt[140] = 3.5361655998

t2 = 11.8700000000
dvdt[150] = 3.5391912530
delta_x = 0.2000000000
delta_t = 0.7500000000

!!!!!!!! Propagation velocity = 266.666667 cm/s !!!!!!!!!!

=============================================================



[!] Propagation velocity! Id = 200
t1 = 14.8700000000
dvdt[190] = 3.5393237503

t2 = 41.2700000000
dvdt[200] = 2.0930262294
delta_x = 0.2000000000
delta_t = 26.4000000000

!!!!!!!! Propagation velocity = 7.575758 cm/s !!!!!!!!!!

=============================================================

