

[!] Propagation velocity! Id = 30
t1 = 2.2700000000
dvdt[25] = 3.5216184485

t2 = 2.5100000000
dvdt[30] = 3.5253272057
delta_x = 0.0820000000
delta_t = 0.2400000000

!!!!!!!! Propagation velocity = 341.666667 cm/s !!!!!!!!!!

=============================================================



[!] Propagation velocity! Id = 60
t1 = 3.8000000000
dvdt[55] = 3.5065807168

t2 = 4.1000000000
dvdt[60] = 3.5100751543
delta_x = 0.0819999280
delta_t = 0.3000000000

!!!!!!!! Propagation velocity = 273.333093 cm/s !!!!!!!!!!

=============================================================



[!] Propagation velocity! Id = 180
t1 = 3.8000000000
dvdt[175] = 3.5065807168

t2 = 4.1000000000
dvdt[180] = 3.5100751543
delta_x = 0.0819999280
delta_t = 0.3000000000

!!!!!!!! Propagation velocity = 273.333093 cm/s !!!!!!!!!!

=============================================================



[!] Propagation velocity! Id = 100
t1 = 6.2700000000
dvdt[95] = 3.5268696257

t2 = 6.6200000000
dvdt[100] = 3.5245355145
delta_x = 0.0820000000
delta_t = 0.3500000000

!!!!!!!! Propagation velocity = 234.285714 cm/s !!!!!!!!!!

=============================================================



[!] Propagation velocity! Id = 140
t1 = 6.2700000000
dvdt[135] = 3.5268696257

t2 = 6.6200000000
dvdt[140] = 3.5245355145
delta_x = 0.0819999280
delta_t = 0.3500000000

!!!!!!!! Propagation velocity = 234.285509 cm/s !!!!!!!!!!

=============================================================



[!] Propagation velocity! Id = 220
t1 = 6.2700000000
dvdt[215] = 3.5268696257

t2 = 6.6200000000
dvdt[220] = 3.5245355145
delta_x = 0.0819999280
delta_t = 0.3500000000

!!!!!!!! Propagation velocity = 234.285509 cm/s !!!!!!!!!!

=============================================================



[!] Propagation velocity! Id = 260
t1 = 6.2700000000
dvdt[255] = 3.5268696257

t2 = 6.6200000000
dvdt[260] = 3.5245355145
delta_x = 0.0820000000
delta_t = 0.3500000000

!!!!!!!! Propagation velocity = 234.285714 cm/s !!!!!!!!!!

=============================================================



[!] Propagation velocity! Id = 120
t1 = 7.6900000000
dvdt[115] = 3.6737752797

t2 = 7.9300000000
dvdt[120] = 6.4816415961
delta_x = 0.0820000000
delta_t = 0.2400000000

!!!!!!!! Propagation velocity = 341.666667 cm/s !!!!!!!!!!

=============================================================



[!] Propagation velocity! Id = 160
t1 = 7.6900000000
dvdt[155] = 3.6737752797

t2 = 7.9300000000
dvdt[160] = 6.4816415961
delta_x = 0.0819999280
delta_t = 0.2400000000

!!!!!!!! Propagation velocity = 341.666367 cm/s !!!!!!!!!!

=============================================================



[!] Propagation velocity! Id = 240
t1 = 7.6900000000
dvdt[235] = 3.6737752797

t2 = 7.9300000000
dvdt[240] = 6.4816415961
delta_x = 0.0819999280
delta_t = 0.2400000000

!!!!!!!! Propagation velocity = 341.666367 cm/s !!!!!!!!!!

=============================================================



[!] Propagation velocity! Id = 280
t1 = 7.6900000000
dvdt[275] = 3.6737752797

t2 = 7.9300000000
dvdt[280] = 6.4816415961
delta_x = 0.0820000000
delta_t = 0.2400000000

!!!!!!!! Propagation velocity = 341.666667 cm/s !!!!!!!!!!

=============================================================

