

[!] Propagation velocity! Id = 50
t1 = 3.9100000000
dvdt[40] = 1.4494042724

t2 = 4.6800000000
dvdt[50] = 1.4491655636
delta_x = 0.2000000000
delta_t = 0.7700000000

!!!!!!!! Propagation velocity = 259.740260 cm/s !!!!!!!!!!

=============================================================



[!] Propagation velocity! Id = 100
t1 = 7.7400000000
dvdt[90] = 1.4256378622

t2 = 8.8900000000
dvdt[100] = 1.0297208427
delta_x = 0.2000000000
delta_t = 1.1500000000

!!!!!!!! Propagation velocity = 173.913043 cm/s !!!!!!!!!!

=============================================================



[!] Propagation velocity! Id = 150
t1 = 11.8500000000
dvdt[140] = 1.4518785843

t2 = 12.6200000000
dvdt[150] = 1.4530318547
delta_x = 0.1999999301
delta_t = 0.7700000000

!!!!!!!! Propagation velocity = 259.740169 cm/s !!!!!!!!!!

=============================================================



[!] Propagation velocity! Id = 250
t1 = 11.8500000000
dvdt[240] = 1.4518785843

t2 = 12.6200000000
dvdt[250] = 1.4530318547
delta_x = 0.1999999301
delta_t = 0.7700000000

!!!!!!!! Propagation velocity = 259.740169 cm/s !!!!!!!!!!

=============================================================



[!] Propagation velocity! Id = 200
t1 = 15.7200000000
dvdt[190] = 1.3928244586

t2 = 20.3600000000
dvdt[200] = 1.5372713618
delta_x = 0.1999999301
delta_t = 4.6400000000

!!!!!!!! Propagation velocity = 43.103433 cm/s !!!!!!!!!!

=============================================================



[!] Propagation velocity! Id = 300
t1 = 15.7200000000
dvdt[290] = 1.3928244586

t2 = 20.3600000000
dvdt[300] = 1.5372713618
delta_x = 0.1999999301
delta_t = 4.6400000000

!!!!!!!! Propagation velocity = 43.103433 cm/s !!!!!!!!!!

=============================================================

