

[!] Propagation velocity! Id = 59
t1 = 4.3300000000
dvdt[54] = 3.5365713674

t2 = 4.6600000000
dvdt[59] = 3.5318375253
delta_x = 0.0820000000
delta_t = 0.3300000000

!!!!!!!! Propagation velocity = 248.484848 cm/s !!!!!!!!!!

=============================================================



[!] Propagation velocity! Id = 119
t1 = 8.3300000000
dvdt[114] = 3.5533382717

t2 = 8.6600000000
dvdt[119] = 3.5554556784
delta_x = 0.0820000000
delta_t = 0.3300000000

!!!!!!!! Propagation velocity = 248.484848 cm/s !!!!!!!!!!

=============================================================



[!] Propagation velocity! Id = 178
t1 = 12.1800000000
dvdt[173] = 3.6004803773

t2 = 12.4900000000
dvdt[178] = 3.5990677876
delta_x = 0.0820000000
delta_t = 0.3100000000

!!!!!!!! Propagation velocity = 264.516129 cm/s !!!!!!!!!!

=============================================================



[!] Propagation velocity! Id = 242
t1 = 16.1800000000
dvdt[237] = 2.2885969669

t2 = 16.5800000000
dvdt[242] = 0.0346579076
delta_x = 0.0820000000
delta_t = 0.4000000000

!!!!!!!! Propagation velocity = 205.000000 cm/s !!!!!!!!!!

=============================================================

