

[!] Propagation velocity! Id = 30
t1 = 2.2500000000
dvdt[25] = 3.5246891419

t2 = 2.5000000000
dvdt[30] = 3.5178434720
delta_x = 0.0820000000
delta_t = 0.2500000000

!!!!!!!! Propagation velocity = 328.000000 cm/s !!!!!!!!!!

=============================================================



[!] Propagation velocity! Id = 60
t1 = 3.8000000000
dvdt[55] = 3.5076358141

t2 = 4.0800000000
dvdt[60] = 3.5019826780
delta_x = 0.0819999280
delta_t = 0.2800000000

!!!!!!!! Propagation velocity = 292.856886 cm/s !!!!!!!!!!

=============================================================



[!] Propagation velocity! Id = 180
t1 = 3.8000000000
dvdt[175] = 3.5076358141

t2 = 4.0800000000
dvdt[180] = 3.5019826780
delta_x = 0.0819999280
delta_t = 0.2800000000

!!!!!!!! Propagation velocity = 292.856886 cm/s !!!!!!!!!!

=============================================================



[!] Propagation velocity! Id = 100
t1 = 6.0900000000
dvdt[95] = 3.5137201888

t2 = 6.4000000000
dvdt[100] = 3.5109913827
delta_x = 0.0820000000
delta_t = 0.3100000000

!!!!!!!! Propagation velocity = 264.516129 cm/s !!!!!!!!!!

=============================================================



[!] Propagation velocity! Id = 140
t1 = 6.0900000000
dvdt[135] = 3.5137201888

t2 = 6.4000000000
dvdt[140] = 3.5109913827
delta_x = 0.0819999280
delta_t = 0.3100000000

!!!!!!!! Propagation velocity = 264.515897 cm/s !!!!!!!!!!

=============================================================



[!] Propagation velocity! Id = 220
t1 = 6.0900000000
dvdt[215] = 3.5137201889

t2 = 6.4000000000
dvdt[220] = 3.5109913828
delta_x = 0.0819999280
delta_t = 0.3100000000

!!!!!!!! Propagation velocity = 264.515897 cm/s !!!!!!!!!!

=============================================================



[!] Propagation velocity! Id = 260
t1 = 6.0900000000
dvdt[255] = 3.5137201891

t2 = 6.4000000000
dvdt[260] = 3.5109913831
delta_x = 0.0820000000
delta_t = 0.3100000000

!!!!!!!! Propagation velocity = 264.516129 cm/s !!!!!!!!!!

=============================================================



[!] Propagation velocity! Id = 120
t1 = 7.3500000000
dvdt[115] = 3.2196837729

t2 = 11.3900000000
dvdt[120] = 4.2496776444
delta_x = 0.0820000000
delta_t = 4.0400000000

!!!!!!!! Propagation velocity = 20.297030 cm/s !!!!!!!!!!

=============================================================



[!] Propagation velocity! Id = 160
t1 = 7.3500000000
dvdt[155] = 3.2196837729

t2 = 11.3900000000
dvdt[160] = 4.2496776444
delta_x = 0.0819999280
delta_t = 4.0400000000

!!!!!!!! Propagation velocity = 20.297012 cm/s !!!!!!!!!!

=============================================================



[!] Propagation velocity! Id = 240
t1 = 7.3500000000
dvdt[235] = 3.2196837729

t2 = 11.3900000000
dvdt[240] = 4.2496776442
delta_x = 0.0819999280
delta_t = 4.0400000000

!!!!!!!! Propagation velocity = 20.297012 cm/s !!!!!!!!!!

=============================================================



[!] Propagation velocity! Id = 280
t1 = 7.3500000000
dvdt[275] = 3.2196837727

t2 = 11.3900000000
dvdt[280] = 4.2496776435
delta_x = 0.0820000000
delta_t = 4.0400000000

!!!!!!!! Propagation velocity = 20.297030 cm/s !!!!!!!!!!

=============================================================

