

[!] Propagation velocity! Id = 59
t1 = 3.7200000000
dvdt[54] = 3.5000400860

t2 = 3.9700000000
dvdt[59] = 3.5023356236
delta_x = 0.0820000000
delta_t = 0.2500000000

!!!!!!!! Propagation velocity = 328.000000 cm/s !!!!!!!!!!

=============================================================



[!] Propagation velocity! Id = 119
t1 = 6.7600000000
dvdt[114] = 3.4995105146

t2 = 7.0100000000
dvdt[119] = 3.4923978122
delta_x = 0.0820000000
delta_t = 0.2500000000

!!!!!!!! Propagation velocity = 328.000000 cm/s !!!!!!!!!!

=============================================================



[!] Propagation velocity! Id = 178
t1 = 9.7600000000
dvdt[173] = 3.4959348423

t2 = 10.0100000000
dvdt[178] = 3.4969830204
delta_x = 0.0820000000
delta_t = 0.2500000000

!!!!!!!! Propagation velocity = 328.000000 cm/s !!!!!!!!!!

=============================================================



[!] Propagation velocity! Id = 242
t1 = 13.0300000000
dvdt[237] = 3.0012515025

t2 = 14.9700000000
dvdt[242] = 4.6316514195
delta_x = 0.0820000000
delta_t = 1.9400000000

!!!!!!!! Propagation velocity = 42.268041 cm/s !!!!!!!!!!

=============================================================

