

[!] Propagation velocity! Id = 100
t1 = 4.7800000000
dvdt[90] = 3.4853802987

t2 = 5.1500000000
dvdt[100] = 3.4867710592
delta_x = 0.1000000000
delta_t = 0.3700000000

!!!!!!!! Propagation velocity = 270.270270 cm/s !!!!!!!!!!

=============================================================



[!] Propagation velocity! Id = 200
t1 = 8.5000000000
dvdt[190] = 3.4842472660

t2 = 8.8700000000
dvdt[200] = 3.4848398473
delta_x = 0.1000000000
delta_t = 0.3700000000

!!!!!!!! Propagation velocity = 270.270270 cm/s !!!!!!!!!!

=============================================================



[!] Propagation velocity! Id = 300
t1 = 12.2200000000
dvdt[290] = 3.4833401021

t2 = 12.5900000000
dvdt[300] = 3.4788333204
delta_x = 0.1000000000
delta_t = 0.3700000000

!!!!!!!! Propagation velocity = 270.270270 cm/s !!!!!!!!!!

=============================================================



[!] Propagation velocity! Id = 400
t1 = 15.9500000000
dvdt[390] = 3.3267681930

t2 = 24.4100000000
dvdt[400] = 3.6310410309
delta_x = 0.1000000000
delta_t = 8.4600000000

!!!!!!!! Propagation velocity = 11.820331 cm/s !!!!!!!!!!

=============================================================

