

[!] Propagation velocity! Id = 59
t1 = 4.2300000000
dvdt[54] = 3.5259320616

t2 = 4.5500000000
dvdt[59] = 3.5243149573
delta_x = 0.0820000000
delta_t = 0.3200000000

!!!!!!!! Propagation velocity = 256.250000 cm/s !!!!!!!!!!

=============================================================



[!] Propagation velocity! Id = 119
t1 = 8.1000000000
dvdt[114] = 3.5268346591

t2 = 8.4200000000
dvdt[119] = 3.5227829873
delta_x = 0.0820000000
delta_t = 0.3200000000

!!!!!!!! Propagation velocity = 256.250000 cm/s !!!!!!!!!!

=============================================================



[!] Propagation velocity! Id = 178
t1 = 11.9000000000
dvdt[173] = 3.5262606873

t2 = 12.2200000000
dvdt[178] = 3.5212297934
delta_x = 0.0820000000
delta_t = 0.3200000000

!!!!!!!! Propagation velocity = 256.250000 cm/s !!!!!!!!!!

=============================================================



[!] Propagation velocity! Id = 242
t1 = 16.0300000000
dvdt[237] = 3.2585485556

t2 = 16.4400000000
dvdt[242] = 0.0998702557
delta_x = 0.0820000000
delta_t = 0.4100000000

!!!!!!!! Propagation velocity = 200.000000 cm/s !!!!!!!!!!

=============================================================

