

[!] Propagation velocity! Id = 59
t1 = 3.9100000000
dvdt[54] = 3.5075820520

t2 = 4.1900000000
dvdt[59] = 3.5108346535
delta_x = 0.0820000000
delta_t = 0.2800000000

!!!!!!!! Propagation velocity = 292.857143 cm/s !!!!!!!!!!

=============================================================



[!] Propagation velocity! Id = 119
t1 = 7.2900000000
dvdt[114] = 3.5085499405

t2 = 7.5700000000
dvdt[119] = 3.5109651213
delta_x = 0.0820000000
delta_t = 0.2800000000

!!!!!!!! Propagation velocity = 292.857143 cm/s !!!!!!!!!!

=============================================================



[!] Propagation velocity! Id = 178
t1 = 10.6100000000
dvdt[173] = 3.5074865278

t2 = 10.8900000000
dvdt[178] = 3.5032969731
delta_x = 0.0820000000
delta_t = 0.2800000000

!!!!!!!! Propagation velocity = 292.857143 cm/s !!!!!!!!!!

=============================================================



[!] Propagation velocity! Id = 242
t1 = 14.2400000000
dvdt[237] = 3.0960580866

t2 = 40.2300000000
dvdt[242] = 2.0745235298
delta_x = 0.0820000000
delta_t = 25.9900000000

!!!!!!!! Propagation velocity = 3.155060 cm/s !!!!!!!!!!

=============================================================

