

[!] Propagation velocity! Id = 125
t1 = 9.2600000000
dvdt[115] = 3.5421675973

t2 = 10.0100000000
dvdt[125] = 3.5417987521
delta_x = 0.2000000000
delta_t = 0.7500000000

!!!!!!!! Propagation velocity = 266.666667 cm/s !!!!!!!!!!

=============================================================



[!] Propagation velocity! Id = 250
t1 = 18.6400000000
dvdt[240] = 3.5426617677

t2 = 19.3900000000
dvdt[250] = 3.5426996294
delta_x = 0.2000000000
delta_t = 0.7500000000

!!!!!!!! Propagation velocity = 266.666667 cm/s !!!!!!!!!!

=============================================================



[!] Propagation velocity! Id = 375
t1 = 28.0200000000
dvdt[365] = 3.5361022610

t2 = 28.7700000000
dvdt[375] = 3.5362647817
delta_x = 0.2000000000
delta_t = 0.7500000000

!!!!!!!! Propagation velocity = 266.666667 cm/s !!!!!!!!!!

=============================================================



[!] Propagation velocity! Id = 500
t1 = 37.4000000000
dvdt[490] = 3.5293349844

t2 = 42.5800000000
dvdt[500] = 4.1397616427
delta_x = 0.2000000000
delta_t = 5.1800000000

!!!!!!!! Propagation velocity = 38.610039 cm/s !!!!!!!!!!

=============================================================

