

[!] Propagation velocity! Id = 14
t1 = 0.8400000000
dvdt[4] = 2.8499432893

t2 = 1.4100000000
dvdt[14] = 2.5994053848
delta_x = 0.1640000000
delta_t = 0.5700000000

!!!!!!!! Propagation velocity = 287.719298 cm/s !!!!!!!!!!

=============================================================



[!] Propagation velocity! Id = 29
t1 = 1.7100000000
dvdt[19] = 2.6412280876

t2 = 2.3100000000
dvdt[29] = 2.7527378196
delta_x = 0.1640000000
delta_t = 0.6000000000

!!!!!!!! Propagation velocity = 273.333333 cm/s !!!!!!!!!!

=============================================================



[!] Propagation velocity! Id = 43
t1 = 2.5500000000
dvdt[33] = 2.7928289965

t2 = 3.1400000000
dvdt[43] = 2.8887972322
delta_x = 0.1640000000
delta_t = 0.5900000000

!!!!!!!! Propagation velocity = 277.966102 cm/s !!!!!!!!!!

=============================================================



[!] Propagation velocity! Id = 58
t1 = 3.4300000000
dvdt[48] = 2.9255531714

t2 = 4.0300000000
dvdt[58] = 1.2443654990
delta_x = 0.1640000000
delta_t = 0.6000000000

!!!!!!!! Propagation velocity = 273.333333 cm/s !!!!!!!!!!

=============================================================

