

[!] Propagation velocity! Id = 59
t1 = 5.0200000000
dvdt[54] = 1.4489575845

t2 = 5.4100000000
dvdt[59] = 1.4486729866
delta_x = 0.0820000000
delta_t = 0.3900000000

!!!!!!!! Propagation velocity = 210.256410 cm/s !!!!!!!!!!

=============================================================



[!] Propagation velocity! Id = 119
t1 = 9.6600000000
dvdt[114] = 1.4487690825

t2 = 10.0500000000
dvdt[119] = 1.4485312894
delta_x = 0.0820000000
delta_t = 0.3900000000

!!!!!!!! Propagation velocity = 210.256410 cm/s !!!!!!!!!!

=============================================================



[!] Propagation velocity! Id = 178
t1 = 14.2300000000
dvdt[173] = 1.4507004073

t2 = 14.6100000000
dvdt[178] = 1.4510768267
delta_x = 0.0820000000
delta_t = 0.3800000000

!!!!!!!! Propagation velocity = 215.789474 cm/s !!!!!!!!!!

=============================================================



[!] Propagation velocity! Id = 242
t1 = 19.2700000000
dvdt[237] = 1.0177625102

t2 = 23.3600000000
dvdt[242] = 1.5898502460
delta_x = 0.0820000000
delta_t = 4.0900000000

!!!!!!!! Propagation velocity = 20.048900 cm/s !!!!!!!!!!

=============================================================

