

[!] Propagation velocity! Id = 50
t1 = 3.3500000000
dvdt[40] = 1.4394904511

t2 = 3.7300000000
dvdt[50] = 1.4440902441
delta_x = 0.1000000000
delta_t = 0.3800000000

!!!!!!!! Propagation velocity = 263.157895 cm/s !!!!!!!!!!

=============================================================



[!] Propagation velocity! Id = 100
t1 = 5.2800000000
dvdt[90] = 1.2981632700

t2 = 6.0400000000
dvdt[100] = 1.0565283886
delta_x = 0.1000000000
delta_t = 0.7600000000

!!!!!!!! Propagation velocity = 131.578947 cm/s !!!!!!!!!!

=============================================================



[!] Propagation velocity! Id = 150
t1 = 7.4700000000
dvdt[140] = 1.4539675051

t2 = 7.8600000000
dvdt[150] = 1.4551759317
delta_x = 0.1000003981
delta_t = 0.3900000000

!!!!!!!! Propagation velocity = 256.411277 cm/s !!!!!!!!!!

=============================================================



[!] Propagation velocity! Id = 250
t1 = 7.5100000000
dvdt[240] = 1.4542436842

t2 = 7.9000000000
dvdt[250] = 1.4551285087
delta_x = 0.1000003981
delta_t = 0.3900000000

!!!!!!!! Propagation velocity = 256.411277 cm/s !!!!!!!!!!

=============================================================



[!] Propagation velocity! Id = 199
t1 = 9.4100000000
dvdt[189] = 1.0169271098

t2 = 14.0100000000
dvdt[199] = 1.5175526253
delta_x = 0.0999995320
delta_t = 4.6000000000

!!!!!!!! Propagation velocity = 21.739029 cm/s !!!!!!!!!!

=============================================================



[!] Propagation velocity! Id = 298
t1 = 9.4100000000
dvdt[288] = 1.0169271098

t2 = 14.0100000000
dvdt[298] = 1.5175526253
delta_x = 0.0999995320
delta_t = 4.6000000000

!!!!!!!! Propagation velocity = 21.739029 cm/s !!!!!!!!!!

=============================================================

