

[!] Propagation velocity! Id = 73
t1 = 7.9500000000
dvdt[63] = 0.9639611401

t2 = 8.1100000000
dvdt[73] = 1.0763617466
delta_x = 0.0680000000
delta_t = 0.1600000000

!!!!!!!! Propagation velocity = 425.000000 cm/s !!!!!!!!!!

=============================================================



[!] Propagation velocity! Id = 147
t1 = 9.5200000000
dvdt[137] = 1.3676222040

t2 = 9.7700000000
dvdt[147] = 1.3805540098
delta_x = 0.0680000000
delta_t = 0.2500000000

!!!!!!!! Propagation velocity = 272.000000 cm/s !!!!!!!!!!

=============================================================



[!] Propagation velocity! Id = 220
t1 = 11.3600000000
dvdt[210] = 1.4200007493

t2 = 11.6200000000
dvdt[220] = 1.4235364356
delta_x = 0.0680000000
delta_t = 0.2600000000

!!!!!!!! Propagation velocity = 261.538462 cm/s !!!!!!!!!!

=============================================================



[!] Propagation velocity! Id = 294
t1 = 13.2700000000
dvdt[284] = 0.6756439894

t2 = 13.6900000000
dvdt[294] = 0.0190652674
delta_x = 0.0680000000
delta_t = 0.4200000000

!!!!!!!! Propagation velocity = 161.904762 cm/s !!!!!!!!!!

=============================================================

