

[!] Propagation velocity! Id = 50
t1 = 3.9900000000
dvdt[45] = 1.4398081978

t2 = 4.3300000000
dvdt[50] = 1.4094041447
delta_x = 0.0820000000
delta_t = 0.3400000000

!!!!!!!! Propagation velocity = 241.176471 cm/s !!!!!!!!!!

=============================================================



[!] Propagation velocity! Id = 90
t1 = 6.9600000000
dvdt[85] = 1.4454321968

t2 = 7.2900000000
dvdt[90] = 1.4461947435
delta_x = 0.0819999280
delta_t = 0.3300000000

!!!!!!!! Propagation velocity = 248.484630 cm/s !!!!!!!!!!

=============================================================



[!] Propagation velocity! Id = 150
t1 = 6.9600000000
dvdt[145] = 1.4454321968

t2 = 7.2900000000
dvdt[150] = 1.4461947435
delta_x = 0.0819999280
delta_t = 0.3300000000

!!!!!!!! Propagation velocity = 248.484630 cm/s !!!!!!!!!!

=============================================================



[!] Propagation velocity! Id = 120
t1 = 8.8800000000
dvdt[115] = 1.9068453894

t2 = 8.9800000000
dvdt[120] = 2.4564956279
delta_x = 0.0819999280
delta_t = 0.1000000000

!!!!!!!! Propagation velocity = 819.999280 cm/s !!!!!!!!!!

=============================================================



[!] Propagation velocity! Id = 180
t1 = 8.8800000000
dvdt[175] = 1.9068453894

t2 = 8.9800000000
dvdt[180] = 2.4564956279
delta_x = 0.0819999280
delta_t = 0.1000000000

!!!!!!!! Propagation velocity = 819.999280 cm/s !!!!!!!!!!

=============================================================

