

[!] Propagation velocity! Id = 59
t1 = 4.8500000000
dvdt[54] = 1.4489318255

t2 = 5.2200000000
dvdt[59] = 1.4491720476
delta_x = 0.0820000000
delta_t = 0.3700000000

!!!!!!!! Propagation velocity = 221.621622 cm/s !!!!!!!!!!

=============================================================



[!] Propagation velocity! Id = 119
t1 = 9.2600000000
dvdt[114] = 1.4496402990

t2 = 9.6300000000
dvdt[119] = 1.4495000778
delta_x = 0.0820000000
delta_t = 0.3700000000

!!!!!!!! Propagation velocity = 221.621622 cm/s !!!!!!!!!!

=============================================================



[!] Propagation velocity! Id = 178
t1 = 13.6000000000
dvdt[173] = 1.4528622763

t2 = 13.9700000000
dvdt[178] = 1.4533011878
delta_x = 0.0820000000
delta_t = 0.3700000000

!!!!!!!! Propagation velocity = 221.621622 cm/s !!!!!!!!!!

=============================================================



[!] Propagation velocity! Id = 242
t1 = 18.4000000000
dvdt[237] = 0.9483080338

t2 = 19.1600000000
dvdt[242] = 0.0341291865
delta_x = 0.0820000000
delta_t = 0.7600000000

!!!!!!!! Propagation velocity = 107.894737 cm/s !!!!!!!!!!

=============================================================

