

[!] Propagation velocity! Id = 50
t1 = 3.3500000000
dvdt[40] = 1.4390491108

t2 = 3.7200000000
dvdt[50] = 1.4431544283
delta_x = 0.1000000000
delta_t = 0.3700000000

!!!!!!!! Propagation velocity = 270.270270 cm/s !!!!!!!!!!

=============================================================



[!] Propagation velocity! Id = 100
t1 = 5.2700000000
dvdt[90] = 1.2975369328

t2 = 6.0300000000
dvdt[100] = 1.0559175962
delta_x = 0.1000000000
delta_t = 0.7600000000

!!!!!!!! Propagation velocity = 131.578947 cm/s !!!!!!!!!!

=============================================================



[!] Propagation velocity! Id = 150
t1 = 7.4600000000
dvdt[140] = 1.4526179598

t2 = 7.8500000000
dvdt[150] = 1.4536085656
delta_x = 0.1000003981
delta_t = 0.3900000000

!!!!!!!! Propagation velocity = 256.411277 cm/s !!!!!!!!!!

=============================================================



[!] Propagation velocity! Id = 250
t1 = 7.5000000000
dvdt[240] = 1.4528581012

t2 = 7.8900000000
dvdt[250] = 1.4534850939
delta_x = 0.1000003981
delta_t = 0.3900000000

!!!!!!!! Propagation velocity = 256.411277 cm/s !!!!!!!!!!

=============================================================



[!] Propagation velocity! Id = 199
t1 = 9.4000000000
dvdt[189] = 1.0489500502

t2 = 11.7500000000
dvdt[199] = 1.7858119565
delta_x = 0.0999995320
delta_t = 2.3500000000

!!!!!!!! Propagation velocity = 42.552992 cm/s !!!!!!!!!!

=============================================================



[!] Propagation velocity! Id = 298
t1 = 9.4000000000
dvdt[288] = 1.0489500502

t2 = 11.7500000000
dvdt[298] = 1.7858119565
delta_x = 0.0999995320
delta_t = 2.3500000000

!!!!!!!! Propagation velocity = 42.552992 cm/s !!!!!!!!!!

=============================================================

