

[!] Propagation velocity! Id = 50
t1 = 3.4500000000
dvdt[45] = 3.5072619283

t2 = 3.7400000000
dvdt[50] = 3.5052780054
delta_x = 0.0820000000
delta_t = 0.2900000000

!!!!!!!! Propagation velocity = 282.758621 cm/s !!!!!!!!!!

=============================================================



[!] Propagation velocity! Id = 90
t1 = 5.9300000000
dvdt[85] = 3.5225581690

t2 = 6.2600000000
dvdt[90] = 3.5130515054
delta_x = 0.0819999280
delta_t = 0.3300000000

!!!!!!!! Propagation velocity = 248.484630 cm/s !!!!!!!!!!

=============================================================



[!] Propagation velocity! Id = 150
t1 = 5.9300000000
dvdt[145] = 3.5225581690

t2 = 6.2600000000
dvdt[150] = 3.5130515054
delta_x = 0.0819999280
delta_t = 0.3300000000

!!!!!!!! Propagation velocity = 248.484630 cm/s !!!!!!!!!!

=============================================================



[!] Propagation velocity! Id = 120
t1 = 7.9000000000
dvdt[115] = 3.2578043301

t2 = 15.1400000000
dvdt[120] = 3.7819712528
delta_x = 0.0819999280
delta_t = 7.2400000000

!!!!!!!! Propagation velocity = 11.325957 cm/s !!!!!!!!!!

=============================================================



[!] Propagation velocity! Id = 180
t1 = 7.9000000000
dvdt[175] = 3.2578043301

t2 = 15.1400000000
dvdt[180] = 3.7819712528
delta_x = 0.0819999280
delta_t = 7.2400000000

!!!!!!!! Propagation velocity = 11.325957 cm/s !!!!!!!!!!

=============================================================

