

[!] Propagation velocity! Id = 25
t1 = 2.5800000000
dvdt[15] = 1.3680626872

t2 = 2.9100000000
dvdt[25] = 1.4103003400
delta_x = 0.1000000000
delta_t = 0.3300000000

!!!!!!!! Propagation velocity = 303.030303 cm/s !!!!!!!!!!

=============================================================



[!] Propagation velocity! Id = 50
t1 = 3.4900000000
dvdt[40] = 1.2935686584

t2 = 4.2500000000
dvdt[50] = 1.0594526806
delta_x = 0.1000000000
delta_t = 0.7600000000

!!!!!!!! Propagation velocity = 131.578947 cm/s !!!!!!!!!!

=============================================================



[!] Propagation velocity! Id = 75
t1 = 4.7500000000
dvdt[65] = 1.4414096103

t2 = 5.1300000000
dvdt[75] = 1.4176062214
delta_x = 0.0999995320
delta_t = 0.3800000000

!!!!!!!! Propagation velocity = 263.156663 cm/s !!!!!!!!!!

=============================================================



[!] Propagation velocity! Id = 125
t1 = 4.7800000000
dvdt[115] = 1.4417940305

t2 = 5.1700000000
dvdt[125] = 1.4106449692
delta_x = 0.1000003981
delta_t = 0.3900000000

!!!!!!!! Propagation velocity = 256.411277 cm/s !!!!!!!!!!

=============================================================



[!] Propagation velocity! Id = 99
t1 = 5.7100000000
dvdt[89] = 0.9901246203

t2 = 20.4000000000
dvdt[99] = 0.8210718941
delta_x = 0.0999995320
delta_t = 14.6900000000

!!!!!!!! Propagation velocity = 6.807320 cm/s !!!!!!!!!!

=============================================================



[!] Propagation velocity! Id = 148
t1 = 5.7100000000
dvdt[138] = 0.9901246203

t2 = 20.4000000000
dvdt[148] = 0.8210718941
delta_x = 0.0999995320
delta_t = 14.6900000000

!!!!!!!! Propagation velocity = 6.807320 cm/s !!!!!!!!!!

=============================================================

