

[!] Propagation velocity! Id = 59
t1 = 5.5500000000
dvdt[54] = 3.5815020907

t2 = 6.0100000000
dvdt[59] = 3.5782677061
delta_x = 0.0820000000
delta_t = 0.4600000000

!!!!!!!! Propagation velocity = 178.260870 cm/s !!!!!!!!!!

=============================================================



[!] Propagation velocity! Id = 119
t1 = 11.1600000000
dvdt[114] = 3.5834584264

t2 = 11.6300000000
dvdt[119] = 3.5786456275
delta_x = 0.0820000000
delta_t = 0.4700000000

!!!!!!!! Propagation velocity = 174.468085 cm/s !!!!!!!!!!

=============================================================



[!] Propagation velocity! Id = 232
t1 = 21.7400000000
dvdt[227] = 3.5796929111

t2 = 22.2100000000
dvdt[232] = 3.5809965454
delta_x = 0.0820000000
delta_t = 0.4700000000

!!!!!!!! Propagation velocity = 174.468085 cm/s !!!!!!!!!!

=============================================================



[!] Propagation velocity! Id = 242
t1 = 22.6800000000
dvdt[237] = 3.6244306122

t2 = 23.0300000000
dvdt[242] = 6.3727014775
delta_x = 0.0820000000
delta_t = 0.3500000000

!!!!!!!! Propagation velocity = 234.285714 cm/s !!!!!!!!!!

=============================================================

