

[!] Propagation velocity! Id = 73
t1 = 8.1300000000
dvdt[63] = 0.9348532114

t2 = 8.2900000000
dvdt[73] = 1.0502027638
delta_x = 0.0680000000
delta_t = 0.1600000000

!!!!!!!! Propagation velocity = 425.000000 cm/s !!!!!!!!!!

=============================================================



[!] Propagation velocity! Id = 147
t1 = 9.7800000000
dvdt[137] = 1.1195840455

t2 = 10.3800000000
dvdt[147] = 1.0287596273
delta_x = 0.0680000000
delta_t = 0.6000000000

!!!!!!!! Propagation velocity = 113.333333 cm/s !!!!!!!!!!

=============================================================



[!] Propagation velocity! Id = 220
t1 = 11.8900000000
dvdt[210] = 1.4237361137

t2 = 12.1500000000
dvdt[220] = 1.4264743863
delta_x = 0.0680002360
delta_t = 0.2600000000

!!!!!!!! Propagation velocity = 261.539369 cm/s !!!!!!!!!!

=============================================================



[!] Propagation velocity! Id = 367
t1 = 11.8900000000
dvdt[357] = 1.4237361137

t2 = 12.1500000000
dvdt[367] = 1.4264743863
delta_x = 0.0680002360
delta_t = 0.2600000000

!!!!!!!! Propagation velocity = 261.539369 cm/s !!!!!!!!!!

=============================================================



[!] Propagation velocity! Id = 294
t1 = 13.7900000000
dvdt[284] = 0.6689197030

t2 = 14.2100000000
dvdt[294] = 0.0095622479
delta_x = 0.0680002360
delta_t = 0.4200000000

!!!!!!!! Propagation velocity = 161.905324 cm/s !!!!!!!!!!

=============================================================



[!] Propagation velocity! Id = 441
t1 = 13.7900000000
dvdt[431] = 0.6689197030

t2 = 14.2100000000
dvdt[441] = 0.0095622479
delta_x = 0.0680002360
delta_t = 0.4200000000

!!!!!!!! Propagation velocity = 161.905324 cm/s !!!!!!!!!!

=============================================================

