

[!] Propagation velocity! Id = 125
t1 = 9.6400000000
dvdt[115] = 1.4483639845

t2 = 10.4000000000
dvdt[125] = 1.4483294300
delta_x = 0.2000000000
delta_t = 0.7600000000

!!!!!!!! Propagation velocity = 263.157895 cm/s !!!!!!!!!!

=============================================================



[!] Propagation velocity! Id = 250
t1 = 19.1800000000
dvdt[240] = 1.4481982490

t2 = 19.9500000000
dvdt[250] = 1.4485069873
delta_x = 0.2000000000
delta_t = 0.7700000000

!!!!!!!! Propagation velocity = 259.740260 cm/s !!!!!!!!!!

=============================================================



[!] Propagation velocity! Id = 375
t1 = 28.7400000000
dvdt[365] = 1.4492647529

t2 = 29.5000000000
dvdt[375] = 1.4497797218
delta_x = 0.2000000000
delta_t = 0.7600000000

!!!!!!!! Propagation velocity = 263.157895 cm/s !!!!!!!!!!

=============================================================



[!] Propagation velocity! Id = 500
t1 = 38.3600000000
dvdt[490] = 1.3893660258

t2 = 51.0400000000
dvdt[500] = 0.9595237557
delta_x = 0.2000000000
delta_t = 12.6800000000

!!!!!!!! Propagation velocity = 15.772871 cm/s !!!!!!!!!!

=============================================================

