

[!] Propagation velocity! Id = 14
t1 = 1.4500000000
dvdt[4] = 3.8504396889

t2 = 1.8100000000
dvdt[14] = 3.6652214134
delta_x = 0.1640000000
delta_t = 0.3600000000

!!!!!!!! Propagation velocity = 455.555556 cm/s !!!!!!!!!!

=============================================================



[!] Propagation velocity! Id = 29
t1 = 2.0100000000
dvdt[19] = 3.6014813667

t2 = 2.4300000000
dvdt[29] = 3.5502402046
delta_x = 0.1640000000
delta_t = 0.4200000000

!!!!!!!! Propagation velocity = 390.476190 cm/s !!!!!!!!!!

=============================================================



[!] Propagation velocity! Id = 43
t1 = 2.6000000000
dvdt[33] = 3.5408382367

t2 = 3.0300000000
dvdt[43] = 3.5181158607
delta_x = 0.1640000000
delta_t = 0.4300000000

!!!!!!!! Propagation velocity = 381.395349 cm/s !!!!!!!!!!

=============================================================



[!] Propagation velocity! Id = 58
t1 = 3.2400000000
dvdt[48] = 3.4890666426

t2 = 3.6100000000
dvdt[58] = 0.9331887176
delta_x = 0.1640000000
delta_t = 0.3700000000

!!!!!!!! Propagation velocity = 443.243243 cm/s !!!!!!!!!!

=============================================================

